0001 : 567|3|430
0002 : 363|6|631
0003 : 16|58|926
0004 : 6|66|928
0005 : 2|50|948
0006 : 0|71|929
0007 : 0|82|918
0008 : 0|80|920
0009 : 0|77|923
0010 : 0|86|914
0011 : 0|77|923
0012 : 0|70|930
0013 : 0|78|922
0014 : 0|75|925
0015 : 0|78|922
0016 : 0|62|938
0017 : 0|82|918
0018 : 0|69|931
0019 : 0|69|931
0020 : 0|71|929
0021 : 0|61|939
0022 : 0|71|929
0023 : 0|66|934
0024 : 0|79|921
0025 : 0|79|921
0026 : 0|80|920
0027 : 0|63|937
0028 : 0|81|919
0029 : 0|78|922
0030 : 0|66|934
0031 : 0|80|920
0032 : 0|78|922
0033 : 0|78|922
0034 : 0|65|935
0035 : 0|66|934
0036 : 0|85|915
0037 : 0|62|938
0038 : 0|87|913
0039 : 0|76|924
0040 : 0|61|939
0041 : 0|68|932
0042 : 0|87|913
0043 : 0|68|932
0044 : 0|74|926
0045 : 0|78|922
0046 : 0|68|932
0047 : 0|72|928
0048 : 0|84|916
0049 : 0|62|938
0050 : 0|79|921
0051 : 0|72|928
0052 : 0|80|920
0053 : 0|69|931
0054 : 0|64|936
0055 : 0|57|943
0056 : 0|72|928
0057 : 0|71|929
0058 : 0|83|917
0059 : 0|76|924
0060 : 0|64|936
0061 : 0|61|939
0062 : 0|66|934
0063 : 0|65|935
0064 : 0|73|927
0065 : 0|72|928
0066 : 0|71|929
0067 : 0|65|935
0068 : 0|65|935
0069 : 0|78|922
0070 : 0|74|926
0071 : 0|72|928
0072 : 0|69|931
0073 : 0|65|935
0074 : 0|66|934
0075 : 0|69|931
0076 : 0|82|918
0077 : 0|65|935
0078 : 0|64|936
0079 : 0|55|945
0080 : 0|67|933
0081 : 0|65|935
0082 : 0|68|932
0083 : 0|71|929
0084 : 0|68|932
0085 : 0|62|938
0086 : 0|58|942
0087 : 0|71|929
0088 : 0|63|937
0089 : 0|70|930
0090 : 0|66|934
0091 : 0|83|917
0092 : 0|64|936
0093 : 0|85|915
0094 : 0|81|919
0095 : 0|68|932
0096 : 0|67|933
0097 : 0|60|940
0098 : 0|65|935
0099 : 0|72|928
0100 : 0|75|925
0101 : 0|65|935
0102 : 0|61|939
0103 : 0|83|917
0104 : 0|80|920
0105 : 0|58|942
0106 : 0|57|943
0107 : 0|69|931
0108 : 0|70|930
0109 : 0|52|948
0110 : 0|66|934
0111 : 0|61|939
0112 : 0|79|921
0113 : 0|80|920
0114 : 0|87|913
0115 : 0|45|955
0116 : 0|58|942
0117 : 0|76|924
0118 : 0|51|949
0119 : 0|76|924
0120 : 0|77|923
0121 : 0|92|908
0122 : 0|85|915
0123 : 0|73|927
0124 : 0|81|919
0125 : 0|63|937
0126 : 0|82|918
0127 : 0|52|948
0128 : 0|81|919
0129 : 0|67|933
0130 : 0|58|942
0131 : 0|67|933
0132 : 0|70|930
0133 : 0|84|916
0134 : 0|79|921
0135 : 0|62|938
0136 : 0|84|916
0137 : 0|73|927
0138 : 0|88|912
0139 : 0|78|922
0140 : 0|63|937
0141 : 0|65|935
0142 : 0|65|935
0143 : 0|66|934
0144 : 0|65|935
0145 : 0|86|914
0146 : 0|69|931
0147 : 0|59|941
0148 : 0|70|930
0149 : 0|69|931
0150 : 0|72|928
0151 : 0|81|919
0152 : 0|72|928
0153 : 0|75|925
0154 : 0|74|926
0155 : 0|71|929
0156 : 0|86|914
0157 : 0|70|930
0158 : 0|82|918
0159 : 0|76|924
0160 : 0|65|935
0161 : 0|76|924
0162 : 0|67|933
0163 : 0|65|935
0164 : 0|75|925
0165 : 0|67|933
0166 : 0|72|928
0167 : 0|80|920
0168 : 0|67|933
0169 : 0|73|927
0170 : 0|57|943
0171 : 0|62|938
0172 : 0|73|927
0173 : 0|78|922
0174 : 0|68|932
0175 : 0|80|920
0176 : 0|75|925
0177 : 0|75|925
0178 : 0|81|919
0179 : 0|65|935
0180 : 0|83|917
0181 : 0|94|906
0182 : 0|71|929
0183 : 0|86|914
0184 : 0|66|934
0185 : 0|73|927
0186 : 0|70|930
0187 : 0|78|922
0188 : 0|73|927
0189 : 0|78|922
0190 : 0|78|922
0191 : 0|63|937
0192 : 0|66|934
0193 : 0|79|921
0194 : 0|78|922
0195 : 0|79|921
0196 : 0|69|931
0197 : 0|65|935
0198 : 0|67|933
0199 : 0|65|935
0200 : 0|69|931
0201 : 0|78|922
0202 : 0|56|944
0203 : 0|70|930
0204 : 0|59|941
0205 : 0|59|941
0206 : 0|62|938
0207 : 0|77|923
0208 : 0|68|932
0209 : 0|76|924
0210 : 0|68|932
0211 : 0|83|917
0212 : 0|56|944
0213 : 0|71|929
0214 : 0|63|937
0215 : 0|74|926
0216 : 0|83|917
0217 : 0|71|929
0218 : 0|67|933
0219 : 0|77|923
0220 : 0|73|927
0221 : 0|80|920
0222 : 0|77|923
0223 : 0|62|938
0224 : 0|70|930
0225 : 0|66|934
0226 : 0|57|943
0227 : 0|72|928
0228 : 0|74|926
0229 : 0|73|927
0230 : 0|76|924
0231 : 0|71|929
0232 : 0|84|916
0233 : 0|75|925
0234 : 0|63|937
0235 : 0|72|928
0236 : 0|77|923
0237 : 0|64|936
0238 : 0|62|938
0239 : 0|67|933
0240 : 0|74|926
0241 : 0|71|929
0242 : 0|70|930
0243 : 0|69|931
0244 : 0|80|920
0245 : 0|63|937
0246 : 0|83|917
0247 : 0|71|929
0248 : 0|74|926
0249 : 0|74|926
0250 : 0|65|935
0251 : 0|58|942
0252 : 0|64|936
0253 : 0|66|934
0254 : 0|78|922
0255 : 0|84|916
0256 : 0|66|934
0257 : 0|78|922
0258 : 0|84|916
0259 : 0|76|924
0260 : 0|72|928
0261 : 0|63|937
0262 : 0|77|923
0263 : 0|65|935
0264 : 0|77|923
0265 : 0|77|923
0266 : 0|86|914
0267 : 0|92|908
0268 : 0|65|935
0269 : 0|58|942
0270 : 0|62|938
0271 : 0|69|931
0272 : 0|82|918
0273 : 0|77|923
0274 : 0|67|933
0275 : 0|82|918
0276 : 0|74|926
0277 : 0|81|919
0278 : 0|93|907
0279 : 0|70|930
0280 : 0|72|928
0281 : 0|62|938
0282 : 0|71|929
0283 : 0|69|931
0284 : 0|70|930
0285 : 0|85|915
0286 : 0|70|930
0287 : 0|60|940
0288 : 0|60|940
0289 : 0|60|940
0290 : 0|71|929
0291 : 0|77|923
0292 : 0|55|945
0293 : 0|77|923
0294 : 0|67|933
0295 : 0|81|919
0296 : 0|80|920
0297 : 0|74|926
0298 : 0|53|947
0299 : 0|62|938
0300 : 0|65|935
0301 : 0|79|921
0302 : 0|59|941
0303 : 0|65|935
0304 : 0|68|932
0305 : 0|81|919
0306 : 0|71|929
0307 : 0|62|938
0308 : 0|73|927
0309 : 0|61|939
0310 : 0|71|929
0311 : 0|78|922
0312 : 0|94|906
0313 : 0|79|921
0314 : 0|77|923
0315 : 0|72|928
0316 : 0|76|924
0317 : 0|69|931
0318 : 0|82|918
0319 : 0|58|942
0320 : 0|87|913
0321 : 0|79|921
0322 : 0|73|927
0323 : 0|72|928
0324 : 0|68|932
0325 : 0|74|926
0326 : 0|75|925
0327 : 0|81|919
0328 : 0|70|930
0329 : 0|74|926
0330 : 0|67|933
0331 : 0|58|942
0332 : 0|75|925
0333 : 0|76|924
0334 : 0|62|938
0335 : 0|91|909
0336 : 0|73|927
0337 : 0|62|938
0338 : 0|70|930
0339 : 0|72|928
0340 : 0|72|928
0341 : 0|64|936
0342 : 0|68|932
0343 : 0|85|915
0344 : 0|71|929
0345 : 0|69|931
0346 : 0|82|918
0347 : 0|61|939
0348 : 0|69|931
0349 : 0|75|925
0350 : 0|72|928
0351 : 0|61|939
0352 : 0|71|929
0353 : 0|72|928
0354 : 0|64|936
0355 : 0|81|919
0356 : 0|85|915
0357 : 0|79|921
0358 : 0|77|923
0359 : 0|70|930
0360 : 0|64|936
0361 : 0|68|932
0362 : 0|72|928
0363 : 0|72|928
0364 : 0|61|939
0365 : 0|70|930
0366 : 0|70|930
0367 : 0|86|914
0368 : 0|76|924
0369 : 0|62|938
0370 : 0|80|920
0371 : 0|63|937
0372 : 0|68|932
0373 : 0|74|926
0374 : 0|80|920
0375 : 0|74|926
0376 : 0|62|938
0377 : 0|65|935
0378 : 0|75|925
0379 : 0|66|934
0380 : 0|92|908
0381 : 0|85|915
0382 : 0|83|917
0383 : 0|76|924
0384 : 0|52|948
0385 : 0|68|932
0386 : 0|69|931
0387 : 0|63|937
0388 : 0|79|921
0389 : 0|84|916
0390 : 0|61|939
0391 : 0|82|918
0392 : 0|74|926
0393 : 0|79|921
0394 : 0|73|927
0395 : 0|77|923
0396 : 0|56|944
0397 : 0|79|921
0398 : 0|70|930
0399 : 0|80|920
0400 : 0|64|936
0401 : 0|67|933
0402 : 0|71|929
0403 : 0|52|948
0404 : 0|67|933
0405 : 0|77|923
0406 : 0|63|937
0407 : 0|66|934
0408 : 0|74|926
0409 : 0|81|919
0410 : 0|81|919
0411 : 0|69|931
0412 : 0|81|919
0413 : 0|59|941
0414 : 0|68|932
0415 : 0|70|930
0416 : 0|67|933
0417 : 0|71|929
0418 : 0|68|932
0419 : 0|65|935
0420 : 0|72|928
0421 : 0|84|916
0422 : 0|71|929
0423 : 0|58|942
0424 : 0|75|925
0425 : 0|72|928
0426 : 0|68|932
0427 : 0|65|935
0428 : 0|78|922
0429 : 0|62|938
0430 : 0|72|928
0431 : 0|77|923
0432 : 0|69|931
0433 : 0|73|927
0434 : 0|72|928
0435 : 0|66|934
0436 : 0|72|928
0437 : 0|61|939
0438 : 0|66|934
0439 : 0|77|923
0440 : 0|66|934
0441 : 0|71|929
0442 : 0|64|936
0443 : 0|72|928
0444 : 0|73|927
0445 : 0|62|938
0446 : 0|72|928
0447 : 0|54|946
0448 : 0|75|925
0449 : 0|58|942
0450 : 0|81|919
0451 : 0|79|921
0452 : 0|74|926
0453 : 0|71|929
0454 : 0|69|931
0455 : 0|78|922
0456 : 0|70|930
0457 : 0|84|916
0458 : 0|56|944
0459 : 0|69|931
0460 : 0|63|937
0461 : 0|69|931
0462 : 0|56|944
0463 : 0|84|916
0464 : 0|78|922
0465 : 0|64|936
0466 : 0|79|921
0467 : 0|84|916
0468 : 0|72|928
0469 : 0|73|927
0470 : 0|66|934
0471 : 0|77|923
0472 : 0|68|932
0473 : 0|74|926
0474 : 0|77|923
0475 : 0|79|921
0476 : 0|73|927
0477 : 0|81|919
0478 : 0|74|926
0479 : 0|73|927
0480 : 0|76|924
0481 : 0|73|927
0482 : 0|76|924
0483 : 0|61|939
0484 : 0|68|932
0485 : 0|58|942
0486 : 0|70|930
0487 : 0|76|924
0488 : 0|68|932
0489 : 0|79|921
0490 : 0|90|910
0491 : 0|75|925
0492 : 0|62|938
0493 : 0|73|927
0494 : 0|76|924
0495 : 0|91|909
0496 : 0|64|936
0497 : 0|74|926
0498 : 0|83|917
0499 : 0|88|912
0500 : 0|64|936
0501 : 0|80|920
0502 : 0|84|916
0503 : 0|70|930
0504 : 0|73|927
0505 : 0|70|930
0506 : 0|71|929
0507 : 0|74|926
0508 : 0|77|923
0509 : 0|63|937
0510 : 0|83|917
0511 : 0|69|931
0512 : 0|76|924
0513 : 0|72|928
0514 : 0|80|920
0515 : 0|68|932
0516 : 0|69|931
0517 : 0|73|927
0518 : 0|70|930
0519 : 0|68|932
0520 : 0|75|925
0521 : 0|72|928
0522 : 0|74|926
0523 : 0|82|918
0524 : 0|85|915
0525 : 0|74|926
0526 : 0|70|930
0527 : 0|73|927
0528 : 0|60|940
0529 : 0|51|949
0530 : 0|62|938
0531 : 0|68|932
0532 : 0|82|918
0533 : 0|80|920
0534 : 0|77|923
0535 : 0|67|933
0536 : 0|74|926
0537 : 0|75|925
0538 : 0|76|924
0539 : 0|67|933
0540 : 0|66|934
0541 : 0|68|932
0542 : 0|71|929
0543 : 0|82|918
0544 : 0|80|920
0545 : 0|78|922
0546 : 0|71|929
0547 : 0|77|923
0548 : 0|66|934
0549 : 0|69|931
0550 : 0|74|926
0551 : 0|73|927
0552 : 0|79|921
0553 : 0|78|922
0554 : 0|69|931
0555 : 0|67|933
0556 : 0|74|926
0557 : 0|73|927
0558 : 0|76|924
0559 : 0|72|928
0560 : 0|71|929
0561 : 0|85|915
0562 : 0|81|919
0563 : 0|83|917
0564 : 0|65|935
0565 : 0|76|924
0566 : 0|70|930
0567 : 0|62|938
0568 : 0|61|939
0569 : 0|90|910
0570 : 0|83|917
0571 : 0|76|924
0572 : 0|72|928
0573 : 0|66|934
0574 : 0|61|939
0575 : 0|63|937
0576 : 0|70|930
0577 : 0|71|929
0578 : 0|82|918
0579 : 0|71|929
0580 : 0|79|921
0581 : 0|79|921
0582 : 0|63|937
0583 : 0|79|921
0584 : 0|89|911
0585 : 0|72|928
0586 : 0|78|922
0587 : 0|89|911
0588 : 0|70|930
0589 : 0|78|922
0590 : 0|81|919
0591 : 0|53|947
0592 : 0|67|933
0593 : 0|84|916
0594 : 0|67|933
0595 : 0|85|915
0596 : 0|81|919
0597 : 0|67|933
0598 : 0|73|927
0599 : 0|54|946
0600 : 0|80|920
