0001 : 637|2|361
0002 : 30|43|927
0003 : 27|96|877
0004 : 17|185|798
0005 : 0|170|830
0006 : 0|161|839
0007 : 0|106|894
0008 : 0|55|945
0009 : 0|75|925
0010 : 0|77|923
0011 : 0|80|920
0012 : 0|68|932
0013 : 0|52|948
0014 : 0|64|936
0015 : 0|84|916
0016 : 0|70|930
0017 : 0|65|935
0018 : 0|86|914
0019 : 0|83|917
0020 : 0|74|926
0021 : 0|82|918
0022 : 0|72|928
0023 : 0|60|940
0024 : 0|63|937
0025 : 0|105|895
0026 : 0|70|930
0027 : 0|72|928
0028 : 0|54|946
0029 : 0|62|938
0030 : 0|78|922
0031 : 0|77|923
0032 : 0|77|923
0033 : 0|80|920
0034 : 0|100|900
0035 : 0|87|913
0036 : 0|81|919
0037 : 0|87|913
0038 : 0|95|905
0039 : 0|50|950
0040 : 0|100|900
0041 : 0|69|931
0042 : 0|79|921
0043 : 0|89|911
0044 : 0|76|924
0045 : 0|77|923
0046 : 0|55|945
0047 : 0|65|935
0048 : 0|82|918
0049 : 0|59|941
0050 : 0|81|919
0051 : 0|63|937
0052 : 0|66|934
0053 : 0|73|927
0054 : 0|92|908
0055 : 0|63|937
0056 : 0|63|937
0057 : 0|57|943
0058 : 0|60|940
0059 : 0|71|929
0060 : 0|81|919
0061 : 0|79|921
0062 : 0|69|931
0063 : 0|76|924
0064 : 0|73|927
0065 : 0|71|929
0066 : 0|72|928
0067 : 0|64|936
0068 : 0|70|930
0069 : 0|70|930
0070 : 0|75|925
0071 : 0|53|947
0072 : 0|78|922
0073 : 0|62|938
0074 : 0|69|931
0075 : 0|71|929
0076 : 0|72|928
0077 : 0|62|938
0078 : 0|66|934
0079 : 0|67|933
0080 : 0|90|910
0081 : 0|80|920
0082 : 0|66|934
0083 : 0|73|927
0084 : 0|51|949
0085 : 0|87|913
0086 : 0|65|935
0087 : 0|66|934
0088 : 0|70|930
0089 : 0|63|937
0090 : 0|71|929
0091 : 0|60|940
0092 : 0|62|938
0093 : 0|50|950
0094 : 0|71|929
0095 : 0|87|913
0096 : 0|75|925
0097 : 0|83|917
0098 : 0|59|941
0099 : 0|64|936
0100 : 0|64|936
0101 : 0|85|915
0102 : 0|71|929
0103 : 0|78|922
0104 : 0|70|930
0105 : 0|69|931
0106 : 0|63|937
0107 : 0|67|933
0108 : 0|68|932
0109 : 0|89|911
0110 : 0|77|923
0111 : 0|84|916
0112 : 0|74|926
0113 : 0|73|927
0114 : 0|56|944
0115 : 0|60|940
0116 : 0|64|936
0117 : 0|78|922
0118 : 0|56|944
0119 : 0|71|929
0120 : 0|80|920
0121 : 0|69|931
0122 : 0|79|921
0123 : 0|79|921
0124 : 0|62|938
0125 : 0|76|924
0126 : 0|61|939
0127 : 0|60|940
0128 : 0|67|933
0129 : 0|79|921
0130 : 0|65|935
0131 : 0|72|928
0132 : 0|63|937
0133 : 0|82|918
0134 : 0|68|932
0135 : 0|72|928
0136 : 0|77|923
0137 : 0|80|920
0138 : 0|70|930
0139 : 0|80|920
0140 : 0|61|939
0141 : 0|80|920
0142 : 0|76|924
0143 : 0|85|915
0144 : 0|69|931
0145 : 0|65|935
0146 : 0|61|939
0147 : 0|77|923
0148 : 0|62|938
0149 : 0|94|906
0150 : 0|78|922
0151 : 0|82|918
0152 : 0|62|938
0153 : 0|77|923
0154 : 0|54|946
0155 : 0|80|920
0156 : 0|77|923
0157 : 0|65|935
0158 : 0|92|908
0159 : 0|63|937
0160 : 0|76|924
0161 : 0|81|919
0162 : 0|62|938
0163 : 0|80|920
0164 : 0|60|940
0165 : 0|68|932
0166 : 0|77|923
0167 : 0|55|945
0168 : 0|70|930
0169 : 0|67|933
0170 : 0|66|934
0171 : 0|100|900
0172 : 0|50|950
0173 : 0|85|915
0174 : 0|61|939
0175 : 0|67|933
0176 : 0|88|912
0177 : 0|74|926
0178 : 0|67|933
0179 : 0|75|925
0180 : 0|68|932
0181 : 0|62|938
0182 : 0|83|917
0183 : 0|50|950
0184 : 0|75|925
0185 : 0|91|909
0186 : 0|81|919
0187 : 0|75|925
0188 : 0|75|925
0189 : 0|79|921
0190 : 0|87|913
0191 : 0|71|929
0192 : 0|83|917
0193 : 0|79|921
0194 : 0|73|927
0195 : 0|67|933
0196 : 0|70|930
0197 : 0|82|918
0198 : 0|80|920
0199 : 0|68|932
0200 : 0|73|927
0201 : 0|76|924
0202 : 0|73|927
0203 : 0|73|927
0204 : 0|75|925
0205 : 0|80|920
0206 : 0|85|915
0207 : 0|70|930
0208 : 0|72|928
0209 : 0|64|936
0210 : 0|69|931
0211 : 0|74|926
0212 : 0|68|932
0213 : 0|75|925
0214 : 0|81|919
0215 : 0|68|932
0216 : 0|63|937
0217 : 0|85|915
0218 : 0|75|925
0219 : 0|88|912
0220 : 0|75|925
0221 : 0|76|924
0222 : 0|74|926
0223 : 0|68|932
0224 : 0|90|910
0225 : 0|66|934
0226 : 0|72|928
0227 : 0|88|912
0228 : 0|73|927
0229 : 0|61|939
0230 : 0|53|947
0231 : 0|75|925
0232 : 0|81|919
0233 : 0|87|913
0234 : 0|75|925
0235 : 0|76|924
0236 : 0|68|932
0237 : 0|72|928
0238 : 0|79|921
0239 : 0|87|913
0240 : 0|74|926
0241 : 0|78|922
0242 : 0|73|927
0243 : 0|58|942
0244 : 0|63|937
0245 : 0|46|954
0246 : 0|59|941
0247 : 0|77|923
0248 : 0|73|927
0249 : 0|90|910
0250 : 0|72|928
0251 : 0|79|921
0252 : 0|56|944
0253 : 0|70|930
0254 : 0|64|936
0255 : 0|78|922
0256 : 0|55|945
0257 : 0|61|939
0258 : 0|52|948
0259 : 0|74|926
0260 : 0|74|926
0261 : 0|85|915
0262 : 0|66|934
0263 : 0|71|929
0264 : 0|74|926
0265 : 0|79|921
0266 : 0|80|920
0267 : 0|97|903
0268 : 0|85|915
0269 : 0|70|930
0270 : 0|73|927
0271 : 0|86|914
0272 : 0|59|941
0273 : 0|86|914
0274 : 0|72|928
0275 : 0|75|925
0276 : 0|64|936
0277 : 0|76|924
0278 : 0|69|931
0279 : 0|68|932
0280 : 0|75|925
0281 : 0|74|926
0282 : 0|75|925
0283 : 0|57|943
0284 : 0|69|931
0285 : 0|78|922
0286 : 0|68|932
0287 : 0|75|925
0288 : 0|54|946
0289 : 0|77|923
0290 : 0|80|920
0291 : 0|71|929
0292 : 0|72|928
0293 : 0|64|936
0294 : 0|74|926
0295 : 0|76|924
0296 : 0|58|942
0297 : 0|84|916
0298 : 0|70|930
0299 : 0|61|939
0300 : 0|73|927
0301 : 0|77|923
0302 : 0|85|915
0303 : 0|75|925
0304 : 0|77|923
0305 : 0|82|918
0306 : 0|69|931
0307 : 0|79|921
0308 : 0|59|941
0309 : 0|89|911
0310 : 0|85|915
0311 : 0|71|929
0312 : 0|72|928
0313 : 0|78|922
0314 : 0|63|937
0315 : 0|81|919
0316 : 0|79|921
0317 : 0|78|922
0318 : 0|57|943
0319 : 0|76|924
0320 : 0|75|925
0321 : 0|93|907
0322 : 0|71|929
0323 : 0|82|918
0324 : 0|70|930
0325 : 0|76|924
0326 : 0|53|947
0327 : 0|89|911
0328 : 0|74|926
0329 : 0|72|928
0330 : 0|69|931
0331 : 0|83|917
0332 : 0|66|934
0333 : 0|84|916
0334 : 0|69|931
0335 : 0|76|924
0336 : 0|68|932
0337 : 0|83|917
0338 : 0|57|943
0339 : 0|75|925
0340 : 0|79|921
0341 : 0|79|921
0342 : 0|77|923
0343 : 0|57|943
0344 : 0|65|935
0345 : 0|74|926
0346 : 0|77|923
0347 : 0|74|926
0348 : 0|59|941
0349 : 0|63|937
0350 : 0|65|935
0351 : 0|71|929
0352 : 0|85|915
0353 : 0|71|929
0354 : 0|55|945
0355 : 0|67|933
0356 : 0|68|932
0357 : 0|66|934
0358 : 0|66|934
0359 : 0|71|929
0360 : 0|62|938
0361 : 0|67|933
0362 : 0|89|911
0363 : 0|73|927
0364 : 0|70|930
0365 : 0|73|927
0366 : 0|68|932
0367 : 0|78|922
0368 : 0|60|940
0369 : 0|66|934
0370 : 0|67|933
0371 : 0|74|926
0372 : 0|90|910
0373 : 0|71|929
0374 : 0|75|925
0375 : 0|66|934
0376 : 0|58|942
0377 : 0|69|931
0378 : 0|57|943
0379 : 0|91|909
0380 : 0|62|938
0381 : 0|90|910
0382 : 0|72|928
0383 : 0|74|926
0384 : 0|79|921
0385 : 0|82|918
0386 : 0|75|925
0387 : 0|69|931
0388 : 0|72|928
0389 : 0|72|928
0390 : 0|73|927
0391 : 0|72|928
0392 : 0|77|923
0393 : 0|73|927
0394 : 0|77|923
0395 : 0|67|933
0396 : 0|69|931
0397 : 0|81|919
0398 : 0|80|920
0399 : 0|61|939
0400 : 0|71|929
0401 : 0|73|927
0402 : 0|68|932
0403 : 0|71|929
0404 : 0|72|928
0405 : 0|78|922
0406 : 0|72|928
0407 : 0|79|921
0408 : 0|77|923
0409 : 0|67|933
0410 : 0|68|932
0411 : 0|64|936
0412 : 0|73|927
0413 : 0|72|928
0414 : 0|64|936
0415 : 0|65|935
0416 : 0|69|931
0417 : 0|83|917
0418 : 0|69|931
0419 : 0|86|914
0420 : 0|72|928
0421 : 0|84|916
0422 : 0|80|920
0423 : 0|79|921
0424 : 0|75|925
0425 : 0|76|924
0426 : 0|60|940
0427 : 0|79|921
0428 : 0|71|929
0429 : 0|63|937
0430 : 0|67|933
0431 : 0|74|926
0432 : 0|63|937
0433 : 0|80|920
0434 : 0|83|917
0435 : 0|63|937
0436 : 0|73|927
0437 : 0|77|923
0438 : 0|81|919
0439 : 0|60|940
0440 : 0|82|918
0441 : 0|82|918
0442 : 0|84|916
0443 : 0|74|926
0444 : 0|80|920
0445 : 0|62|938
0446 : 0|82|918
0447 : 0|74|926
0448 : 0|69|931
0449 : 0|76|924
0450 : 0|75|925
0451 : 0|72|928
0452 : 0|75|925
0453 : 0|71|929
0454 : 0|72|928
0455 : 0|80|920
0456 : 0|76|924
0457 : 0|68|932
0458 : 0|62|938
0459 : 0|74|926
0460 : 0|66|934
0461 : 0|70|930
0462 : 0|71|929
0463 : 0|83|917
0464 : 0|82|918
0465 : 0|64|936
0466 : 0|71|929
0467 : 0|62|938
0468 : 0|72|928
0469 : 0|73|927
0470 : 0|69|931
0471 : 0|84|916
0472 : 0|62|938
0473 : 0|68|932
0474 : 0|78|922
0475 : 0|81|919
0476 : 0|64|936
0477 : 0|79|921
0478 : 0|73|927
0479 : 0|52|948
0480 : 0|80|920
0481 : 0|69|931
0482 : 0|63|937
0483 : 0|72|928
0484 : 0|64|936
0485 : 0|64|936
0486 : 0|67|933
0487 : 0|83|917
0488 : 0|73|927
0489 : 0|69|931
0490 : 0|65|935
0491 : 0|70|930
0492 : 0|67|933
0493 : 0|89|911
0494 : 0|74|926
0495 : 0|80|920
0496 : 0|78|922
0497 : 0|75|925
0498 : 0|74|926
0499 : 0|86|914
0500 : 0|62|938
0501 : 0|72|928
0502 : 0|78|922
0503 : 0|66|934
0504 : 0|68|932
0505 : 0|71|929
0506 : 0|66|934
0507 : 0|71|929
0508 : 0|69|931
0509 : 0|67|933
0510 : 0|78|922
0511 : 0|71|929
0512 : 0|76|924
0513 : 0|77|923
0514 : 0|82|918
0515 : 0|81|919
0516 : 0|62|938
0517 : 0|94|906
0518 : 0|73|927
0519 : 0|74|926
0520 : 0|77|923
0521 : 0|61|939
0522 : 0|64|936
0523 : 0|75|925
0524 : 0|64|936
0525 : 0|84|916
0526 : 0|84|916
0527 : 0|69|931
0528 : 0|58|942
0529 : 0|74|926
0530 : 0|61|939
0531 : 0|76|924
0532 : 0|78|922
0533 : 0|76|924
0534 : 0|79|921
0535 : 0|75|925
0536 : 0|64|936
0537 : 0|73|927
0538 : 0|75|925
0539 : 0|73|927
0540 : 0|80|920
0541 : 0|63|937
0542 : 0|72|928
0543 : 0|69|931
0544 : 0|65|935
0545 : 0|58|942
0546 : 0|72|928
0547 : 0|73|927
0548 : 0|67|933
0549 : 0|79|921
0550 : 0|84|916
0551 : 0|86|914
0552 : 0|82|918
0553 : 0|72|928
0554 : 0|64|936
0555 : 0|80|920
0556 : 0|71|929
0557 : 0|73|927
0558 : 0|77|923
0559 : 0|62|938
0560 : 0|75|925
0561 : 0|59|941
0562 : 0|83|917
0563 : 0|85|915
0564 : 0|88|912
0565 : 0|92|908
0566 : 0|58|942
0567 : 0|66|934
0568 : 0|72|928
0569 : 0|80|920
0570 : 0|70|930
0571 : 0|70|930
0572 : 0|65|935
0573 : 0|74|926
0574 : 0|65|935
0575 : 0|61|939
0576 : 0|53|947
0577 : 0|73|927
0578 : 0|64|936
0579 : 0|65|935
0580 : 0|70|930
0581 : 0|65|935
0582 : 0|76|924
0583 : 0|69|931
0584 : 0|61|939
0585 : 0|67|933
0586 : 0|68|932
0587 : 0|83|917
0588 : 0|61|939
0589 : 0|71|929
0590 : 0|72|928
0591 : 0|65|935
0592 : 0|72|928
0593 : 0|64|936
0594 : 0|62|938
0595 : 0|64|936
0596 : 0|73|927
0597 : 0|52|948
0598 : 0|58|942
0599 : 0|80|920
0600 : 0|70|930
