0001 : 764|0|236
0002 : 143|52|805
0003 : 15|205|780
0004 : 64|255|681
0005 : 0|220|780
0006 : 0|167|833
0007 : 0|128|872
0008 : 0|92|908
0009 : 0|88|912
0010 : 0|82|918
0011 : 0|82|918
0012 : 0|71|929
0013 : 0|73|927
0014 : 0|72|928
0015 : 0|70|930
0016 : 0|68|932
0017 : 0|71|929
0018 : 0|57|943
0019 : 0|79|921
0020 : 0|79|921
0021 : 0|71|929
0022 : 0|71|929
0023 : 0|76|924
0024 : 0|70|930
0025 : 0|70|930
0026 : 0|65|935
0027 : 0|59|941
0028 : 0|73|927
0029 : 0|64|936
0030 : 0|68|932
0031 : 0|73|927
0032 : 0|68|932
0033 : 0|94|906
0034 : 0|75|925
0035 : 0|72|928
0036 : 0|56|944
0037 : 0|62|938
0038 : 0|70|930
0039 : 0|64|936
0040 : 0|72|928
0041 : 0|72|928
0042 : 0|75|925
0043 : 0|64|936
0044 : 0|81|919
0045 : 0|56|944
0046 : 0|55|945
0047 : 0|77|923
0048 : 0|71|929
0049 : 0|76|924
0050 : 0|70|930
0051 : 0|61|939
0052 : 0|69|931
0053 : 0|77|923
0054 : 0|61|939
0055 : 0|78|922
0056 : 0|84|916
0057 : 0|69|931
0058 : 0|84|916
0059 : 0|79|921
0060 : 0|64|936
0061 : 0|77|923
0062 : 0|65|935
0063 : 0|74|926
0064 : 0|69|931
0065 : 0|59|941
0066 : 0|68|932
0067 : 0|81|919
0068 : 0|70|930
0069 : 0|68|932
0070 : 0|75|925
0071 : 0|70|930
0072 : 0|66|934
0073 : 0|63|937
0074 : 0|83|917
0075 : 0|69|931
0076 : 0|68|932
0077 : 0|81|919
0078 : 0|75|925
0079 : 0|79|921
0080 : 0|70|930
0081 : 0|57|943
0082 : 0|72|928
0083 : 0|62|938
0084 : 0|70|930
0085 : 0|72|928
0086 : 0|63|937
0087 : 0|61|939
0088 : 0|72|928
0089 : 0|86|914
0090 : 0|67|933
0091 : 0|71|929
0092 : 0|67|933
0093 : 0|79|921
0094 : 0|64|936
0095 : 0|69|931
0096 : 0|65|935
0097 : 0|69|931
0098 : 0|72|928
0099 : 0|88|912
0100 : 0|66|934
0101 : 0|67|933
0102 : 0|69|931
0103 : 0|69|931
0104 : 0|59|941
0105 : 0|66|934
0106 : 0|57|943
0107 : 0|78|922
0108 : 0|75|925
0109 : 0|71|929
0110 : 0|71|929
0111 : 0|78|922
0112 : 0|69|931
0113 : 0|84|916
0114 : 0|62|938
0115 : 0|53|947
0116 : 0|82|918
0117 : 0|74|926
0118 : 0|75|925
0119 : 0|81|919
0120 : 0|69|931
0121 : 0|66|934
0122 : 0|52|948
0123 : 0|84|916
0124 : 0|66|934
0125 : 0|72|928
0126 : 0|67|933
0127 : 0|70|930
0128 : 0|74|926
0129 : 0|54|946
0130 : 0|91|909
0131 : 0|67|933
0132 : 0|65|935
0133 : 0|77|923
0134 : 0|55|945
0135 : 0|65|935
0136 : 0|84|916
0137 : 0|78|922
0138 : 0|63|937
0139 : 0|74|926
0140 : 0|70|930
0141 : 0|68|932
0142 : 0|76|924
0143 : 0|45|955
0144 : 0|79|921
0145 : 0|67|933
0146 : 0|71|929
0147 : 0|62|938
0148 : 0|69|931
0149 : 0|84|916
0150 : 0|59|941
0151 : 0|65|935
0152 : 0|72|928
0153 : 0|72|928
0154 : 0|74|926
0155 : 0|79|921
0156 : 0|58|942
0157 : 0|74|926
0158 : 0|88|912
0159 : 0|66|934
0160 : 0|63|937
0161 : 0|81|919
0162 : 0|74|926
0163 : 0|66|934
0164 : 0|66|934
0165 : 0|60|940
0166 : 0|70|930
0167 : 0|97|903
0168 : 0|81|919
0169 : 0|73|927
0170 : 0|67|933
0171 : 0|78|922
0172 : 0|76|924
0173 : 0|67|933
0174 : 0|61|939
0175 : 0|70|930
0176 : 0|88|912
0177 : 0|72|928
0178 : 0|82|918
0179 : 0|78|922
0180 : 0|52|948
0181 : 0|80|920
0182 : 0|73|927
0183 : 0|72|928
0184 : 0|68|932
0185 : 0|71|929
0186 : 0|82|918
0187 : 0|80|920
0188 : 0|66|934
0189 : 0|80|920
0190 : 0|62|938
0191 : 0|84|916
0192 : 0|79|921
0193 : 0|77|923
0194 : 0|61|939
0195 : 0|65|935
0196 : 0|71|929
0197 : 0|73|927
0198 : 0|67|933
0199 : 0|62|938
0200 : 0|71|929
0201 : 0|81|919
0202 : 0|80|920
0203 : 0|73|927
0204 : 0|73|927
0205 : 0|62|938
0206 : 0|83|917
0207 : 0|62|938
0208 : 0|67|933
0209 : 0|84|916
0210 : 0|85|915
0211 : 0|72|928
0212 : 0|85|915
0213 : 0|62|938
0214 : 0|73|927
0215 : 0|71|929
0216 : 0|78|922
0217 : 0|59|941
0218 : 0|70|930
0219 : 0|84|916
0220 : 0|66|934
0221 : 0|70|930
0222 : 0|70|930
0223 : 0|81|919
0224 : 0|80|920
0225 : 0|72|928
0226 : 0|68|932
0227 : 0|88|912
0228 : 0|73|927
0229 : 0|75|925
0230 : 0|78|922
0231 : 0|77|923
0232 : 0|74|926
0233 : 0|76|924
0234 : 0|75|925
0235 : 0|72|928
0236 : 0|59|941
0237 : 0|65|935
0238 : 0|59|941
0239 : 0|69|931
0240 : 0|74|926
0241 : 0|77|923
0242 : 0|62|938
0243 : 0|64|936
0244 : 0|65|935
0245 : 0|85|915
0246 : 0|77|923
0247 : 0|73|927
0248 : 0|61|939
0249 : 0|66|934
0250 : 0|81|919
0251 : 0|71|929
0252 : 0|73|927
0253 : 0|76|924
0254 : 0|74|926
0255 : 0|76|924
0256 : 0|81|919
0257 : 0|85|915
0258 : 0|68|932
0259 : 0|74|926
0260 : 0|69|931
0261 : 0|60|940
0262 : 0|84|916
0263 : 0|72|928
0264 : 0|93|907
0265 : 0|69|931
0266 : 0|70|930
0267 : 0|71|929
0268 : 0|77|923
0269 : 0|78|922
0270 : 0|66|934
0271 : 0|75|925
0272 : 0|75|925
0273 : 0|51|949
0274 : 0|79|921
0275 : 0|74|926
0276 : 0|69|931
0277 : 0|58|942
0278 : 0|76|924
0279 : 0|74|926
0280 : 0|66|934
0281 : 0|91|909
0282 : 0|76|924
0283 : 0|65|935
0284 : 0|78|922
0285 : 0|77|923
0286 : 0|72|928
0287 : 0|64|936
0288 : 0|73|927
0289 : 0|62|938
0290 : 0|81|919
0291 : 0|64|936
0292 : 0|67|933
0293 : 0|67|933
0294 : 0|61|939
0295 : 0|75|925
0296 : 0|71|929
0297 : 0|71|929
0298 : 0|69|931
0299 : 0|58|942
0300 : 0|65|935
0301 : 0|57|943
0302 : 0|67|933
0303 : 0|89|911
0304 : 0|68|932
0305 : 0|53|947
0306 : 0|66|934
0307 : 0|75|925
0308 : 0|80|920
0309 : 0|65|935
0310 : 0|63|937
0311 : 0|77|923
0312 : 0|59|941
0313 : 0|70|930
0314 : 0|71|929
0315 : 0|74|926
0316 : 0|63|937
0317 : 0|79|921
0318 : 0|54|946
0319 : 0|82|918
0320 : 0|66|934
0321 : 0|74|926
0322 : 0|68|932
0323 : 0|72|928
0324 : 0|77|923
0325 : 0|58|942
0326 : 0|59|941
0327 : 0|72|928
0328 : 0|60|940
0329 : 0|80|920
0330 : 0|85|915
0331 : 0|80|920
0332 : 0|81|919
0333 : 0|69|931
0334 : 0|78|922
0335 : 0|69|931
0336 : 0|81|919
0337 : 0|100|900
0338 : 0|82|918
0339 : 0|79|921
0340 : 0|66|934
0341 : 0|63|937
0342 : 0|62|938
0343 : 0|73|927
0344 : 0|73|927
0345 : 0|73|927
0346 : 0|71|929
0347 : 0|77|923
0348 : 0|70|930
0349 : 0|77|923
0350 : 0|65|935
0351 : 0|74|926
0352 : 0|65|935
0353 : 0|69|931
0354 : 0|78|922
0355 : 0|82|918
0356 : 0|79|921
0357 : 0|72|928
0358 : 0|72|928
0359 : 0|65|935
0360 : 0|71|929
0361 : 0|66|934
0362 : 0|76|924
0363 : 0|71|929
0364 : 0|68|932
0365 : 0|76|924
0366 : 0|65|935
0367 : 0|64|936
0368 : 0|72|928
0369 : 0|75|925
0370 : 0|67|933
0371 : 0|76|924
0372 : 0|81|919
0373 : 0|78|922
0374 : 0|71|929
0375 : 0|90|910
0376 : 0|66|934
0377 : 0|76|924
0378 : 0|62|938
0379 : 0|65|935
0380 : 0|65|935
0381 : 0|55|945
0382 : 0|74|926
0383 : 0|72|928
0384 : 0|59|941
0385 : 0|83|917
0386 : 0|67|933
0387 : 0|70|930
0388 : 0|62|938
0389 : 0|77|923
0390 : 0|66|934
0391 : 0|70|930
0392 : 0|85|915
0393 : 0|60|940
0394 : 0|82|918
0395 : 0|86|914
0396 : 0|59|941
0397 : 0|59|941
0398 : 0|68|932
0399 : 0|80|920
0400 : 0|73|927
0401 : 0|54|946
0402 : 0|65|935
0403 : 0|71|929
0404 : 0|64|936
0405 : 0|70|930
0406 : 0|69|931
0407 : 0|64|936
0408 : 0|67|933
0409 : 0|90|910
0410 : 0|79|921
0411 : 0|74|926
0412 : 0|73|927
0413 : 0|62|938
0414 : 0|64|936
0415 : 0|63|937
0416 : 0|61|939
0417 : 0|72|928
0418 : 0|71|929
0419 : 0|70|930
0420 : 0|65|935
0421 : 0|79|921
0422 : 0|71|929
0423 : 0|59|941
0424 : 0|84|916
0425 : 0|59|941
0426 : 0|64|936
0427 : 0|56|944
0428 : 0|77|923
0429 : 0|82|918
0430 : 0|62|938
0431 : 0|81|919
0432 : 0|63|937
0433 : 0|61|939
0434 : 0|74|926
0435 : 0|68|932
0436 : 0|75|925
0437 : 0|78|922
0438 : 0|57|943
0439 : 0|55|945
0440 : 0|81|919
0441 : 0|69|931
0442 : 0|81|919
0443 : 0|63|937
0444 : 0|84|916
0445 : 0|70|930
0446 : 0|60|940
0447 : 0|76|924
0448 : 0|55|945
0449 : 0|87|913
0450 : 0|80|920
0451 : 0|38|962
0452 : 0|71|929
0453 : 0|84|916
0454 : 0|81|919
0455 : 0|83|917
0456 : 0|82|918
0457 : 0|59|941
0458 : 0|73|927
0459 : 0|77|923
0460 : 0|83|917
0461 : 0|68|932
0462 : 0|83|917
0463 : 0|68|932
0464 : 0|76|924
0465 : 0|85|915
0466 : 0|76|924
0467 : 0|59|941
0468 : 0|70|930
0469 : 0|68|932
0470 : 0|62|938
0471 : 0|86|914
0472 : 0|68|932
0473 : 0|84|916
0474 : 0|61|939
0475 : 0|64|936
0476 : 0|69|931
0477 : 0|82|918
0478 : 0|59|941
0479 : 0|88|912
0480 : 0|80|920
0481 : 0|71|929
0482 : 0|74|926
0483 : 0|74|926
0484 : 0|87|913
0485 : 0|69|931
0486 : 0|70|930
0487 : 0|69|931
0488 : 0|52|948
0489 : 0|70|930
0490 : 0|72|928
0491 : 0|61|939
0492 : 0|68|932
0493 : 0|74|926
0494 : 0|72|928
0495 : 0|86|914
0496 : 0|72|928
0497 : 0|65|935
0498 : 0|64|936
0499 : 0|76|924
0500 : 0|75|925
0501 : 0|60|940
0502 : 0|73|927
0503 : 0|71|929
0504 : 0|69|931
0505 : 0|78|922
0506 : 0|77|923
0507 : 0|53|947
0508 : 0|70|930
0509 : 0|86|914
0510 : 0|89|911
0511 : 0|85|915
0512 : 0|81|919
0513 : 0|72|928
0514 : 0|78|922
0515 : 0|75|925
0516 : 0|73|927
0517 : 0|78|922
0518 : 0|66|934
0519 : 0|61|939
0520 : 0|64|936
0521 : 0|63|937
0522 : 0|74|926
0523 : 0|61|939
0524 : 0|67|933
0525 : 0|77|923
0526 : 0|69|931
0527 : 0|67|933
0528 : 0|80|920
0529 : 0|94|906
0530 : 0|84|916
0531 : 0|68|932
0532 : 0|76|924
0533 : 0|83|917
0534 : 0|69|931
0535 : 0|80|920
0536 : 0|70|930
0537 : 0|73|927
0538 : 0|81|919
0539 : 0|67|933
0540 : 0|57|943
0541 : 0|70|930
0542 : 0|66|934
0543 : 0|83|917
0544 : 0|81|919
0545 : 0|92|908
0546 : 0|74|926
0547 : 0|54|946
0548 : 0|83|917
0549 : 0|71|929
0550 : 0|69|931
0551 : 0|57|943
0552 : 0|69|931
0553 : 0|83|917
0554 : 0|71|929
0555 : 0|77|923
0556 : 0|75|925
0557 : 0|74|926
0558 : 0|72|928
0559 : 0|83|917
0560 : 0|70|930
0561 : 0|72|928
0562 : 0|62|938
0563 : 0|80|920
0564 : 0|91|909
0565 : 0|102|898
0566 : 0|79|921
0567 : 0|77|923
0568 : 0|67|933
0569 : 0|93|907
0570 : 0|82|918
0571 : 0|71|929
0572 : 0|74|926
0573 : 0|74|926
0574 : 0|64|936
0575 : 0|55|945
0576 : 0|68|932
0577 : 0|71|929
0578 : 0|65|935
0579 : 0|54|946
0580 : 0|72|928
0581 : 0|66|934
0582 : 0|66|934
0583 : 0|68|932
0584 : 0|91|909
0585 : 0|76|924
0586 : 0|81|919
0587 : 0|71|929
0588 : 0|65|935
0589 : 0|65|935
0590 : 0|83|917
0591 : 0|64|936
0592 : 0|78|922
0593 : 0|68|932
0594 : 0|76|924
0595 : 0|54|946
0596 : 0|64|936
0597 : 0|64|936
0598 : 0|60|940
0599 : 0|72|928
0600 : 0|76|924
