0001 : 740|0|260
0002 : 217|12|771
0003 : 365|38|597
0004 : 2|59|939
0005 : 0|59|941
0006 : 0|62|938
0007 : 6|85|909
0008 : 0|91|909
0009 : 0|60|940
0010 : 0|61|939
0011 : 0|75|925
0012 : 0|57|943
0013 : 0|65|935
0014 : 0|101|899
0015 : 0|77|923
0016 : 0|63|937
0017 : 0|84|916
0018 : 0|79|921
0019 : 0|61|939
0020 : 0|61|939
0021 : 0|97|903
0022 : 0|95|905
0023 : 0|66|934
0024 : 0|71|929
0025 : 0|79|921
0026 : 0|78|922
0027 : 0|65|935
0028 : 0|73|927
0029 : 0|71|929
0030 : 0|66|934
0031 : 0|97|903
0032 : 0|74|926
0033 : 0|78|922
0034 : 0|74|926
0035 : 0|69|931
0036 : 0|89|911
0037 : 0|71|929
0038 : 0|80|920
0039 : 0|81|919
0040 : 0|66|934
0041 : 0|83|917
0042 : 0|77|923
0043 : 0|69|931
0044 : 0|67|933
0045 : 0|61|939
0046 : 0|70|930
0047 : 0|87|913
0048 : 0|70|930
0049 : 0|68|932
0050 : 0|82|918
0051 : 0|92|908
0052 : 0|64|936
0053 : 0|73|927
0054 : 0|61|939
0055 : 0|85|915
0056 : 0|72|928
0057 : 0|67|933
0058 : 0|72|928
0059 : 0|70|930
0060 : 0|72|928
0061 : 0|60|940
0062 : 0|74|926
0063 : 0|82|918
0064 : 0|90|910
0065 : 0|75|925
0066 : 0|71|929
0067 : 0|64|936
0068 : 0|72|928
0069 : 0|80|920
0070 : 0|71|929
0071 : 0|83|917
0072 : 0|70|930
0073 : 0|63|937
0074 : 0|72|928
0075 : 0|77|923
0076 : 0|89|911
0077 : 0|81|919
0078 : 0|58|942
0079 : 0|73|927
0080 : 0|64|936
0081 : 0|62|938
0082 : 0|61|939
0083 : 0|76|924
0084 : 0|92|908
0085 : 0|74|926
0086 : 0|83|917
0087 : 0|54|946
0088 : 0|65|935
0089 : 0|85|915
0090 : 0|66|934
0091 : 0|71|929
0092 : 0|84|916
0093 : 0|66|934
0094 : 0|71|929
0095 : 0|72|928
0096 : 0|70|930
0097 : 0|70|930
0098 : 0|75|925
0099 : 0|66|934
0100 : 0|60|940
0101 : 0|61|939
0102 : 0|66|934
0103 : 0|60|940
0104 : 0|67|933
0105 : 0|91|909
0106 : 0|60|940
0107 : 0|68|932
0108 : 0|62|938
0109 : 0|88|912
0110 : 0|66|934
0111 : 0|68|932
0112 : 0|66|934
0113 : 0|74|926
0114 : 0|73|927
0115 : 0|88|912
0116 : 0|92|908
0117 : 0|74|926
0118 : 0|61|939
0119 : 0|53|947
0120 : 0|75|925
0121 : 0|76|924
0122 : 0|70|930
0123 : 0|91|909
0124 : 0|64|936
0125 : 0|56|944
0126 : 0|82|918
0127 : 0|67|933
0128 : 0|72|928
0129 : 0|90|910
0130 : 0|86|914
0131 : 0|86|914
0132 : 0|58|942
0133 : 0|72|928
0134 : 0|91|909
0135 : 0|68|932
0136 : 0|87|913
0137 : 0|66|934
0138 : 0|58|942
0139 : 0|61|939
0140 : 0|79|921
0141 : 0|83|917
0142 : 0|67|933
0143 : 0|79|921
0144 : 0|67|933
0145 : 0|73|927
0146 : 0|84|916
0147 : 0|86|914
0148 : 0|65|935
0149 : 0|64|936
0150 : 0|65|935
0151 : 0|74|926
0152 : 0|72|928
0153 : 0|54|946
0154 : 0|73|927
0155 : 0|71|929
0156 : 0|83|917
0157 : 0|69|931
0158 : 0|68|932
0159 : 0|80|920
0160 : 0|63|937
0161 : 0|76|924
0162 : 0|75|925
0163 : 0|61|939
0164 : 0|73|927
0165 : 0|81|919
0166 : 0|75|925
0167 : 0|82|918
0168 : 0|72|928
0169 : 0|72|928
0170 : 0|62|938
0171 : 0|71|929
0172 : 0|75|925
0173 : 0|69|931
0174 : 0|70|930
0175 : 0|81|919
0176 : 0|71|929
0177 : 0|76|924
0178 : 0|57|943
0179 : 0|76|924
0180 : 0|72|928
0181 : 0|96|904
0182 : 0|89|911
0183 : 0|72|928
0184 : 0|75|925
0185 : 0|70|930
0186 : 0|82|918
0187 : 0|78|922
0188 : 0|70|930
0189 : 0|74|926
0190 : 0|71|929
0191 : 0|82|918
0192 : 0|64|936
0193 : 0|77|923
0194 : 0|83|917
0195 : 0|86|914
0196 : 0|85|915
0197 : 0|86|914
0198 : 0|75|925
0199 : 0|56|944
0200 : 0|87|913
0201 : 0|77|923
0202 : 0|64|936
0203 : 0|65|935
0204 : 0|71|929
0205 : 0|84|916
0206 : 0|67|933
0207 : 0|64|936
0208 : 0|70|930
0209 : 0|74|926
0210 : 0|70|930
0211 : 0|84|916
0212 : 0|64|936
0213 : 0|77|923
0214 : 0|85|915
0215 : 0|74|926
0216 : 0|56|944
0217 : 0|65|935
0218 : 0|80|920
0219 : 0|76|924
0220 : 0|84|916
0221 : 0|69|931
0222 : 0|80|920
0223 : 0|74|926
0224 : 0|73|927
0225 : 0|71|929
0226 : 0|69|931
0227 : 0|70|930
0228 : 0|69|931
0229 : 0|78|922
0230 : 0|79|921
0231 : 0|84|916
0232 : 0|70|930
0233 : 0|83|917
0234 : 0|63|937
0235 : 0|78|922
0236 : 0|69|931
0237 : 0|84|916
0238 : 0|85|915
0239 : 0|79|921
0240 : 0|62|938
0241 : 0|74|926
0242 : 0|74|926
0243 : 0|61|939
0244 : 0|67|933
0245 : 0|72|928
0246 : 0|81|919
0247 : 0|77|923
0248 : 0|87|913
0249 : 0|75|925
0250 : 0|77|923
0251 : 0|63|937
0252 : 0|60|940
0253 : 0|67|933
0254 : 0|80|920
0255 : 0|83|917
0256 : 0|79|921
0257 : 0|69|931
0258 : 0|78|922
0259 : 0|70|930
0260 : 0|66|934
0261 : 0|78|922
0262 : 0|80|920
0263 : 0|75|925
0264 : 0|64|936
0265 : 0|68|932
0266 : 0|67|933
0267 : 0|71|929
0268 : 0|75|925
0269 : 0|57|943
0270 : 0|81|919
0271 : 0|75|925
0272 : 0|72|928
0273 : 0|68|932
0274 : 0|74|926
0275 : 0|72|928
0276 : 0|76|924
0277 : 0|69|931
0278 : 0|75|925
0279 : 0|68|932
0280 : 0|79|921
0281 : 0|84|916
0282 : 0|59|941
0283 : 0|79|921
0284 : 0|75|925
0285 : 0|56|944
0286 : 0|89|911
0287 : 0|68|932
0288 : 0|87|913
0289 : 0|75|925
0290 : 0|69|931
0291 : 0|61|939
0292 : 0|68|932
0293 : 0|68|932
0294 : 0|78|922
0295 : 0|59|941
0296 : 0|68|932
0297 : 0|55|945
0298 : 0|58|942
0299 : 0|63|937
0300 : 0|70|930
0301 : 0|81|919
0302 : 0|58|942
0303 : 0|72|928
0304 : 0|68|932
0305 : 0|69|931
0306 : 0|77|923
0307 : 0|75|925
0308 : 0|77|923
0309 : 0|61|939
0310 : 0|57|943
0311 : 0|73|927
0312 : 0|72|928
0313 : 0|86|914
0314 : 0|71|929
0315 : 0|71|929
0316 : 0|71|929
0317 : 0|56|944
0318 : 0|70|930
0319 : 0|72|928
0320 : 0|75|925
0321 : 0|73|927
0322 : 0|82|918
0323 : 0|74|926
0324 : 0|73|927
0325 : 0|82|918
0326 : 0|87|913
0327 : 0|92|908
0328 : 0|63|937
0329 : 0|65|935
0330 : 0|74|926
0331 : 0|72|928
0332 : 0|77|923
0333 : 0|77|923
0334 : 0|71|929
0335 : 0|61|939
0336 : 0|64|936
0337 : 0|74|926
0338 : 0|63|937
0339 : 0|82|918
0340 : 0|71|929
0341 : 0|64|936
0342 : 0|81|919
0343 : 0|61|939
0344 : 0|68|932
0345 : 0|94|906
0346 : 0|73|927
0347 : 0|72|928
0348 : 0|80|920
0349 : 0|77|923
0350 : 0|70|930
0351 : 0|80|920
0352 : 0|94|906
0353 : 0|78|922
0354 : 0|68|932
0355 : 0|69|931
0356 : 0|64|936
0357 : 0|71|929
0358 : 0|70|930
0359 : 0|76|924
0360 : 0|64|936
0361 : 0|71|929
0362 : 0|66|934
0363 : 0|69|931
0364 : 0|70|930
0365 : 0|61|939
0366 : 0|74|926
0367 : 0|63|937
0368 : 0|70|930
0369 : 0|70|930
0370 : 0|50|950
0371 : 0|80|920
0372 : 0|71|929
0373 : 0|89|911
0374 : 0|63|937
0375 : 0|69|931
0376 : 0|58|942
0377 : 0|85|915
0378 : 0|67|933
0379 : 0|77|923
0380 : 0|75|925
0381 : 0|69|931
0382 : 0|77|923
0383 : 0|68|932
0384 : 0|64|936
0385 : 0|70|930
0386 : 0|59|941
0387 : 0|77|923
0388 : 0|59|941
0389 : 0|81|919
0390 : 0|63|937
0391 : 0|82|918
0392 : 0|86|914
0393 : 0|62|938
0394 : 0|75|925
0395 : 0|73|927
0396 : 0|80|920
0397 : 0|71|929
0398 : 0|80|920
0399 : 0|66|934
0400 : 0|77|923
0401 : 0|62|938
0402 : 0|79|921
0403 : 0|82|918
0404 : 0|82|918
0405 : 0|59|941
0406 : 0|76|924
0407 : 0|61|939
0408 : 0|52|948
0409 : 0|64|936
0410 : 0|79|921
0411 : 0|78|922
0412 : 0|74|926
0413 : 0|73|927
0414 : 0|71|929
0415 : 0|64|936
0416 : 0|79|921
0417 : 0|70|930
0418 : 0|77|923
0419 : 0|74|926
0420 : 0|72|928
0421 : 0|78|922
0422 : 0|73|927
0423 : 0|74|926
0424 : 0|67|933
0425 : 0|53|947
0426 : 0|59|941
0427 : 0|61|939
0428 : 0|86|914
0429 : 0|72|928
0430 : 0|83|917
0431 : 0|81|919
0432 : 0|72|928
0433 : 0|87|913
0434 : 0|86|914
0435 : 0|59|941
0436 : 0|64|936
0437 : 0|79|921
0438 : 0|89|911
0439 : 0|88|912
0440 : 0|71|929
0441 : 0|70|930
0442 : 0|66|934
0443 : 0|74|926
0444 : 0|72|928
0445 : 0|78|922
0446 : 0|71|929
0447 : 0|55|945
0448 : 0|62|938
0449 : 0|71|929
0450 : 0|57|943
0451 : 0|67|933
0452 : 0|57|943
0453 : 0|80|920
0454 : 0|70|930
0455 : 0|74|926
0456 : 0|68|932
0457 : 0|74|926
0458 : 0|60|940
0459 : 0|68|932
0460 : 0|80|920
0461 : 0|66|934
0462 : 0|61|939
0463 : 0|77|923
0464 : 0|82|918
0465 : 0|71|929
0466 : 0|81|919
0467 : 0|68|932
0468 : 0|70|930
0469 : 0|72|928
0470 : 0|55|945
0471 : 0|79|921
0472 : 0|82|918
0473 : 0|80|920
0474 : 0|72|928
0475 : 0|62|938
0476 : 0|72|928
0477 : 0|62|938
0478 : 0|66|934
0479 : 0|86|914
0480 : 0|69|931
0481 : 0|80|920
0482 : 0|64|936
0483 : 0|48|952
0484 : 0|71|929
0485 : 0|66|934
0486 : 0|62|938
0487 : 0|66|934
0488 : 0|77|923
0489 : 0|75|925
0490 : 0|63|937
0491 : 0|73|927
0492 : 0|65|935
0493 : 0|62|938
0494 : 0|88|912
0495 : 0|81|919
0496 : 0|77|923
0497 : 0|82|918
0498 : 0|73|927
0499 : 0|86|914
0500 : 0|65|935
0501 : 0|69|931
0502 : 0|71|929
0503 : 0|69|931
0504 : 0|63|937
0505 : 0|90|910
0506 : 0|69|931
0507 : 0|64|936
0508 : 0|82|918
0509 : 0|82|918
0510 : 0|71|929
0511 : 0|55|945
0512 : 0|84|916
0513 : 0|66|934
0514 : 0|71|929
0515 : 0|86|914
0516 : 0|81|919
0517 : 0|83|917
0518 : 0|67|933
0519 : 0|58|942
0520 : 0|78|922
0521 : 0|59|941
0522 : 0|68|932
0523 : 0|65|935
0524 : 0|73|927
0525 : 0|82|918
0526 : 0|76|924
0527 : 0|72|928
0528 : 0|63|937
0529 : 0|62|938
0530 : 0|63|937
0531 : 0|80|920
0532 : 0|82|918
0533 : 0|85|915
0534 : 0|77|923
0535 : 0|75|925
0536 : 0|71|929
0537 : 0|71|929
0538 : 0|86|914
0539 : 0|77|923
0540 : 0|69|931
0541 : 0|85|915
0542 : 0|89|911
0543 : 0|74|926
0544 : 0|60|940
0545 : 0|65|935
0546 : 0|90|910
0547 : 0|66|934
0548 : 0|71|929
0549 : 0|91|909
0550 : 0|69|931
0551 : 0|75|925
0552 : 0|68|932
0553 : 0|92|908
0554 : 0|72|928
0555 : 0|69|931
0556 : 0|74|926
0557 : 0|79|921
0558 : 0|70|930
0559 : 0|69|931
0560 : 0|77|923
0561 : 0|86|914
0562 : 0|72|928
0563 : 0|76|924
0564 : 0|75|925
0565 : 0|70|930
0566 : 0|71|929
0567 : 0|71|929
0568 : 0|79|921
0569 : 0|68|932
0570 : 0|76|924
0571 : 0|78|922
0572 : 0|71|929
0573 : 0|84|916
0574 : 0|75|925
0575 : 0|60|940
0576 : 0|75|925
0577 : 0|89|911
0578 : 0|67|933
0579 : 0|64|936
0580 : 0|64|936
0581 : 0|72|928
0582 : 0|69|931
0583 : 0|93|907
0584 : 0|65|935
0585 : 0|65|935
0586 : 0|57|943
0587 : 0|76|924
0588 : 0|77|923
0589 : 0|79|921
0590 : 0|76|924
0591 : 0|84|916
0592 : 0|80|920
0593 : 0|57|943
0594 : 0|89|911
0595 : 0|77|923
0596 : 0|69|931
0597 : 0|70|930
0598 : 0|69|931
0599 : 0|75|925
0600 : 0|88|912
