0001(0.00) : 974|0|26
0006(12.64) : 956|2|42
0011(25.18) : 948|1|51
0016(37.88) : 945|3|52
0021(50.36) : 958|2|40
0026(62.81) : 938|3|59
0031(75.42) : 940|5|55
0036(88.06) : 942|3|55
0041(100.82) : 940|7|53
0046(113.56) : 922|9|69
0051(126.33) : 923|6|71
0056(138.86) : 911|3|86
0061(151.36) : 890|7|103
0066(163.92) : 881|13|106
0071(176.43) : 869|8|123
0076(189.15) : 887|11|102
0081(201.62) : 906|4|90
0086(214.33) : 878|11|111
0091(226.92) : 896|13|91
0096(239.55) : 868|11|121
0101(252.32) : 856|11|133
0106(264.98) : 881|11|108
0111(277.63) : 884|10|106
0116(290.25) : 828|9|163
0121(302.80) : 874|7|119
0126(315.68) : 829|13|158
0131(328.20) : 852|13|135
0136(340.84) : 803|11|186
0141(353.58) : 820|10|170
0146(366.31) : 823|10|167
0151(379.26) : 833|7|160
0156(392.13) : 775|11|214
0161(404.81) : 841|11|148
0166(417.36) : 803|8|189
0171(430.04) : 774|10|216
0176(442.57) : 776|10|214
0181(455.04) : 773|9|218
0186(467.67) : 772|12|216
0191(480.50) : 742|5|253
0196(493.45) : 764|16|220
0201(506.53) : 734|14|252
0206(519.25) : 625|15|360
0211(532.32) : 635|12|353
0216(545.84) : 659|14|327
0221(559.25) : 691|12|297
0226(572.71) : 680|12|308
0231(585.46) : 686|13|301
0236(598.00) : 614|19|367
0241(610.78) : 640|14|346
0246(623.87) : 621|23|356
0251(636.50) : 607|12|381
0256(649.06) : 599|19|382
0261(661.63) : 679|22|299
0266(675.91) : 607|24|369
0271(692.43) : 616|13|371
0276(708.51) : 528|19|453
0281(724.69) : 545|14|441
0286(742.31) : 574|24|402
0291(762.52) : 537|21|442
0296(778.45) : 514|40|446
0301(795.87) : 507|20|473
0306(814.00) : 678|22|300
0311(831.24) : 461|29|510
0316(847.92) : 559|28|413
0321(865.55) : 561|13|426
0326(883.61) : 577|16|407
0331(901.75) : 504|30|466
0336(919.94) : 511|18|471
0341(936.45) : 549|18|433
0346(952.42) : 542|19|439
0351(968.41) : 538|22|440
0356(985.14) : 533|19|448
0361(1001.38) : 567|18|415
0366(1018.62) : 526|20|454
0371(1036.44) : 427|29|544
0376(1054.01) : 412|32|556
0381(1071.33) : 456|16|528
0386(1088.49) : 411|29|560
0391(1106.48) : 483|35|482
0396(1126.44) : 426|30|544
0401(1146.59) : 369|28|603
0406(1167.13) : 423|19|558
0411(1191.20) : 415|31|554
0416(1212.34) : 458|23|519
0421(1229.04) : 534|27|439
0426(1245.98) : 385|40|575
0431(1262.87) : 420|27|553
0436(1279.87) : 356|32|612
0441(1296.78) : 359|33|608
0446(1313.70) : 429|30|541
0451(1330.73) : 404|26|570
0456(1347.92) : 425|27|548
0461(1361.66) : 377|32|591
0466(1374.04) : 318|46|636
0471(1389.55) : 354|41|605
0476(1406.01) : 319|30|651
0481(1422.03) : 361|35|604
0486(1438.39) : 330|33|637
0491(1454.45) : 379|26|595
0496(1471.17) : 389|26|585
0501(1487.42) : 245|52|703
0506(1500.49) : 347|40|613
0511(1513.08) : 301|39|660
0516(1525.66) : 362|20|618
0521(1538.34) : 357|34|609
0526(1550.96) : 369|30|601
0531(1563.37) : 282|40|678
0536(1575.75) : 334|27|639
0541(1588.25) : 255|57|688
0546(1600.70) : 328|34|638
0551(1613.33) : 357|34|609
0556(1626.01) : 320|28|652
0561(1638.58) : 272|37|691
0566(1651.12) : 298|24|678
0571(1665.90) : 306|41|653
0576(1678.58) : 247|43|710
0581(1691.09) : 226|44|730
0586(1703.82) : 267|35|698
0591(1716.84) : 295|44|661
0596(1729.46) : 284|50|666
