0001(0.00) : 960|0|40
0006(14.44) : 976|0|24
0011(29.00) : 966|1|33
0016(43.66) : 933|6|61
0021(58.19) : 950|6|44
0026(72.84) : 949|7|44
0031(87.19) : 961|1|38
0036(101.79) : 933|5|62
0041(116.39) : 933|6|61
0046(130.99) : 951|3|46
0051(145.45) : 916|8|76
0056(160.03) : 938|7|55
0061(174.42) : 923|7|70
0066(188.77) : 924|3|73
0071(203.54) : 890|15|95
0076(217.92) : 898|10|92
0081(232.18) : 905|10|85
0086(246.75) : 904|6|90
0091(261.27) : 893|12|95
0096(275.57) : 901|7|92
0101(290.12) : 902|8|90
0106(304.59) : 872|10|118
0111(319.10) : 873|7|120
0116(333.50) : 837|14|149
0121(347.99) : 892|11|97
0126(362.46) : 847|8|145
0131(377.12) : 860|12|128
0136(391.41) : 891|10|99
0141(405.60) : 858|14|128
0146(420.06) : 856|12|132
0151(434.35) : 835|10|155
0156(448.87) : 841|8|151
0161(463.26) : 773|10|217
0166(477.41) : 817|11|172
0171(491.90) : 795|14|191
0176(506.30) : 774|15|211
0181(520.79) : 808|10|182
0186(535.09) : 803|8|189
0191(549.33) : 738|9|253
0196(564.14) : 826|12|162
0201(578.38) : 822|12|166
0206(592.68) : 750|11|239
0211(607.02) : 738|18|244
0216(621.45) : 765|24|211
0221(635.86) : 715|11|274
0226(650.39) : 769|14|217
0231(664.67) : 701|21|278
0236(679.27) : 793|13|194
0241(693.70) : 680|25|295
0246(708.10) : 647|11|342
0251(722.18) : 719|15|266
0256(736.53) : 642|15|343
0261(751.11) : 665|16|319
0266(765.35) : 588|21|391
0271(779.76) : 624|15|361
0276(793.79) : 632|22|346
0281(807.91) : 647|13|340
0286(822.23) : 619|13|368
0291(836.89) : 577|14|409
0296(851.29) : 648|16|336
0301(865.82) : 633|22|345
0306(879.99) : 676|13|311
0311(894.50) : 643|16|341
0316(908.85) : 522|21|457
0321(923.10) : 608|13|379
0326(937.52) : 622|15|363
0331(951.95) : 472|14|514
0336(966.50) : 442|17|541
0341(980.83) : 537|21|442
0346(995.26) : 582|12|406
0351(1009.52) : 428|25|547
0356(1023.93) : 453|28|519
0361(1038.45) : 485|17|498
0366(1052.77) : 536|13|451
0371(1067.06) : 408|25|567
0376(1081.57) : 374|31|595
0381(1096.02) : 433|28|539
0386(1110.59) : 429|38|533
0391(1124.79) : 384|27|589
0396(1139.24) : 376|29|595
0401(1153.66) : 404|37|559
0406(1168.06) : 458|27|515
0411(1182.35) : 424|16|560
0416(1196.99) : 409|25|566
0421(1211.65) : 443|27|530
0426(1225.99) : 366|17|617
0431(1240.42) : 548|19|433
0436(1254.87) : 360|18|622
0441(1269.31) : 419|23|558
0446(1283.71) : 386|24|590
0451(1298.17) : 330|31|639
0456(1312.44) : 368|36|596
0461(1326.99) : 272|30|698
0466(1341.58) : 333|39|628
0471(1355.93) : 319|37|644
0476(1370.39) : 405|27|568
0481(1384.88) : 343|33|624
0486(1399.58) : 324|36|640
0491(1414.07) : 331|21|648
0496(1428.51) : 301|45|654
0501(1443.02) : 364|41|595
0506(1457.53) : 317|31|652
0511(1472.05) : 298|40|662
0516(1486.73) : 239|59|702
0521(1501.46) : 274|38|688
0526(1515.94) : 221|58|721
0531(1530.51) : 241|44|715
0536(1545.42) : 271|44|685
0541(1559.86) : 273|50|677
0546(1574.49) : 227|50|723
0551(1588.93) : 259|42|699
0556(1603.52) : 207|41|752
0561(1618.21) : 209|52|739
0566(1632.76) : 208|62|730
0571(1647.36) : 232|40|728
0576(1662.13) : 233|51|716
0581(1676.74) : 239|35|726
0586(1691.32) : 223|45|732
0591(1706.00) : 209|34|757
0596(1720.39) : 330|39|631
