0001(0.00) : 971|0|29
0006(15.58) : 965|1|34
0011(31.25) : 956|1|43
0016(46.86) : 951|5|44
0021(62.51) : 937|9|54
0026(78.22) : 940|3|57
0031(93.75) : 918|8|74
0036(109.54) : 935|2|63
0041(125.32) : 938|6|56
0046(141.00) : 929|4|67
0051(157.01) : 916|4|80
0056(173.29) : 897|9|94
0061(189.78) : 879|22|99
0066(205.34) : 901|10|89
0071(223.81) : 885|11|104
0076(242.59) : 856|11|133
0081(260.84) : 870|6|124
0086(277.71) : 856|13|131
0091(294.75) : 838|8|154
0096(311.84) : 871|7|122
0101(328.36) : 869|10|121
0106(345.90) : 873|9|118
0111(364.08) : 833|12|155
0116(382.72) : 846|7|147
0121(401.42) : 783|14|203
0126(420.19) : 845|11|144
0131(438.27) : 788|15|197
0136(455.08) : 808|14|178
0141(471.72) : 796|13|191
0146(488.92) : 795|12|193
0151(509.56) : 798|13|189
0156(528.26) : 786|17|197
0161(545.74) : 819|13|168
0166(563.00) : 776|8|216
0171(579.65) : 730|12|258
0176(596.23) : 749|14|237
0181(612.92) : 694|19|287
0186(629.71) : 700|15|285
0191(646.44) : 780|17|203
0196(662.98) : 686|14|300
0201(679.89) : 702|15|283
0206(696.49) : 616|20|364
0211(715.01) : 787|13|200
0216(734.32) : 668|19|313
0221(753.69) : 690|15|295
0226(772.02) : 661|17|322
0231(787.91) : 659|18|323
0236(805.40) : 556|16|428
0241(824.08) : 669|14|317
0246(842.83) : 608|8|384
0251(862.78) : 660|13|327
0256(880.18) : 630|20|350
0261(895.62) : 603|17|380
0266(911.00) : 557|15|428
0271(926.50) : 546|17|437
0276(942.93) : 560|25|415
0281(962.41) : 538|17|445
0286(981.68) : 493|19|488
0291(1000.78) : 450|16|534
0296(1020.53) : 587|11|402
0301(1037.62) : 572|26|402
0306(1053.56) : 534|21|445
0311(1069.02) : 414|34|552
0316(1084.61) : 443|20|537
0321(1100.05) : 491|26|483
0326(1115.40) : 431|21|548
0331(1130.68) : 528|18|454
0336(1146.24) : 481|20|499
0341(1161.75) : 401|26|573
0346(1177.17) : 449|24|527
0351(1192.53) : 432|19|549
0356(1207.76) : 430|17|553
0361(1223.04) : 392|22|586
0366(1238.52) : 465|32|503
0371(1253.92) : 522|21|457
0376(1269.25) : 454|25|521
0381(1284.63) : 418|32|550
0386(1300.15) : 453|17|530
0391(1315.68) : 317|34|649
0396(1331.20) : 505|29|466
0401(1346.77) : 422|18|560
0406(1362.25) : 412|39|549
0411(1377.64) : 379|21|600
0416(1392.88) : 439|30|531
0421(1408.36) : 321|29|650
0426(1423.86) : 326|31|643
0431(1439.21) : 344|32|624
0436(1454.60) : 321|22|657
0441(1470.26) : 323|28|649
0446(1485.83) : 284|29|687
0451(1501.20) : 326|32|642
0456(1516.77) : 321|40|639
0461(1532.36) : 327|41|632
0466(1547.75) : 305|25|670
0471(1563.16) : 278|29|693
0476(1578.52) : 261|40|699
0481(1593.89) : 295|41|664
0486(1609.40) : 259|42|699
0491(1624.88) : 284|49|667
0496(1640.28) : 308|37|655
0501(1655.68) : 227|42|731
0506(1671.26) : 269|30|701
0511(1686.78) : 273|37|690
0516(1702.35) : 234|44|722
0521(1717.90) : 215|36|749
0526(1733.26) : 278|33|689
0531(1748.71) : 236|37|727
0536(1764.07) : 253|45|702
0541(1779.45) : 210|52|738
0546(1794.77) : 201|43|756
0551(1810.24) : 299|40|661
0556(1825.88) : 237|43|720
0561(1841.27) : 245|33|722
0566(1856.69) : 207|55|738
0571(1871.97) : 273|44|683
0576(1887.37) : 198|45|757
0581(1902.93) : 248|38|714
0586(1918.54) : 247|41|712
0591(1933.87) : 220|44|736
0596(1949.26) : 219|45|736
