0001(0.00) : 964|0|36
0006(17.78) : 953|0|47
0011(35.46) : 969|1|30
0016(53.20) : 961|4|35
0021(70.87) : 967|2|31
0026(88.61) : 943|5|52
0031(106.13) : 942|2|56
0036(123.71) : 932|6|62
0041(141.58) : 951|9|40
0046(159.22) : 934|6|60
0051(176.94) : 944|1|55
0056(194.62) : 934|8|58
0061(212.46) : 925|9|66
0066(230.09) : 913|1|86
0071(247.65) : 930|8|62
0076(265.41) : 923|6|71
0081(282.92) : 908|8|84
0086(300.60) : 885|9|106
0091(318.17) : 905|11|84
0096(335.90) : 908|9|83
0101(353.35) : 897|7|96
0106(371.10) : 867|8|125
0111(388.98) : 853|14|133
0116(406.63) : 870|11|119
0121(424.18) : 861|9|130
0126(441.56) : 864|7|129
0131(459.05) : 840|5|155
0136(476.38) : 843|9|148
0141(494.08) : 825|11|164
0146(511.58) : 789|17|194
0151(529.18) : 759|8|233
0156(546.77) : 771|17|212
0161(564.22) : 758|19|223
0166(581.68) : 771|17|212
0171(599.17) : 796|12|192
0176(616.72) : 769|11|220
0181(634.06) : 794|9|197
0186(651.55) : 753|23|224
0191(668.86) : 697|16|287
0196(686.19) : 680|18|302
0201(703.45) : 726|10|264
0206(720.86) : 725|14|261
0211(738.18) : 716|10|274
0216(755.90) : 731|18|251
0221(773.50) : 675|15|310
0226(790.97) : 635|15|350
0231(808.44) : 648|14|338
0236(826.03) : 636|18|346
0241(843.64) : 636|22|342
0246(861.21) : 644|10|346
0251(878.70) : 585|16|399
0256(896.18) : 656|19|325
0261(913.90) : 629|19|352
0266(931.31) : 599|17|384
0271(948.71) : 550|30|420
0276(966.04) : 539|25|436
0281(983.35) : 487|29|484
0286(1000.98) : 485|21|494
0291(1018.44) : 519|22|459
0296(1035.93) : 407|18|575
0301(1053.33) : 444|28|528
0306(1070.94) : 488|14|498
0311(1088.34) : 487|19|494
0316(1105.79) : 395|30|575
0321(1122.98) : 456|26|518
0326(1140.46) : 377|25|598
0331(1157.75) : 414|22|564
0336(1175.40) : 333|33|634
0341(1192.96) : 354|35|611
0346(1210.55) : 436|24|540
0351(1228.10) : 307|27|666
0356(1245.50) : 274|34|692
0361(1262.78) : 323|24|653
0366(1280.21) : 291|29|680
0371(1297.59) : 406|31|563
0376(1314.98) : 371|31|598
0381(1332.46) : 334|34|632
0386(1350.00) : 361|34|605
0391(1367.34) : 315|35|650
0396(1384.79) : 327|49|624
0401(1402.24) : 249|36|715
0406(1419.62) : 402|32|566
0411(1437.05) : 279|34|687
0416(1454.42) : 319|31|650
0421(1471.80) : 231|41|728
0426(1489.16) : 312|33|655
0431(1506.54) : 213|35|752
0436(1524.22) : 262|40|698
0441(1541.92) : 343|30|627
0446(1559.52) : 214|52|734
0451(1576.84) : 257|36|707
0456(1594.21) : 215|35|750
0461(1611.53) : 241|45|714
0466(1628.81) : 218|55|727
0471(1646.20) : 198|54|748
0476(1663.48) : 225|34|741
0481(1680.69) : 193|53|754
0486(1698.29) : 218|32|750
0491(1715.56) : 272|45|683
0496(1733.18) : 198|50|752
0501(1750.41) : 205|48|747
0506(1767.79) : 169|37|794
0511(1785.04) : 241|50|709
0516(1802.49) : 185|53|762
0521(1820.01) : 140|52|808
0526(1837.51) : 153|52|795
0531(1855.03) : 149|51|800
0536(1872.39) : 159|59|782
0541(1889.88) : 140|51|809
0546(1907.31) : 146|58|796
0551(1924.83) : 161|65|774
0556(1942.35) : 181|40|779
0561(1959.66) : 157|51|792
0566(1977.17) : 147|36|817
0571(1994.80) : 123|62|815
0576(2012.46) : 166|57|777
0581(2029.96) : 166|57|777
0586(2047.20) : 178|51|771
0591(2064.59) : 133|48|819
0596(2082.04) : 115|52|833
