0001(0.00) : 941|0|59
0006(18.32) : 975|2|23
0011(36.65) : 963|0|37
0016(54.86) : 941|3|56
0021(73.36) : 946|2|52
0026(91.45) : 947|6|47
0031(109.71) : 951|3|46
0036(127.92) : 949|0|51
0041(146.27) : 929|8|63
0046(164.61) : 937|6|57
0051(183.07) : 928|4|68
0056(201.41) : 920|7|73
0061(219.63) : 921|1|78
0066(237.97) : 907|2|91
0071(256.08) : 886|7|107
0076(274.29) : 889|4|107
0081(292.68) : 891|8|101
0086(310.94) : 885|4|111
0091(329.28) : 884|2|114
0096(347.80) : 888|6|106
0101(366.19) : 854|15|131
0106(384.30) : 853|10|137
0111(402.27) : 865|5|130
0116(420.36) : 835|8|157
0121(438.60) : 794|7|199
0126(456.79) : 835|10|155
0131(475.05) : 818|15|167
0136(493.20) : 811|10|179
0141(511.18) : 839|9|152
0146(529.50) : 776|16|208
0151(547.77) : 795|7|198
0156(566.09) : 750|14|236
0161(584.26) : 798|13|189
0166(602.53) : 749|7|244
0171(620.69) : 778|9|213
0176(639.09) : 772|13|215
0181(657.28) : 803|8|189
0186(675.31) : 712|14|274
0191(693.80) : 720|10|270
0196(712.11) : 710|16|274
0201(730.57) : 700|13|287
0206(748.78) : 703|8|289
0211(766.91) : 725|11|264
0216(785.14) : 696|19|285
0221(803.33) : 647|16|337
0226(821.47) : 683|17|300
0231(839.48) : 678|17|305
0236(857.83) : 635|14|351
0241(876.10) : 605|14|381
0246(894.49) : 652|24|324
0251(912.62) : 598|20|382
0256(930.68) : 623|13|364
0261(949.02) : 600|21|379
0266(967.19) : 563|20|417
0271(985.49) : 560|23|417
0276(1003.54) : 651|10|339
0281(1021.80) : 556|24|420
0286(1040.01) : 569|24|407
0291(1058.41) : 499|18|483
0296(1076.75) : 509|24|467
0301(1095.00) : 545|25|430
0306(1113.18) : 526|24|450
0311(1131.39) : 497|19|484
0316(1149.52) : 494|30|476
0321(1167.69) : 491|37|472
0326(1185.94) : 431|27|542
0331(1204.35) : 464|21|515
0336(1222.83) : 489|29|482
0341(1241.10) : 383|27|590
0346(1259.34) : 394|22|584
0351(1277.60) : 406|32|562
0356(1295.72) : 567|17|416
0361(1313.99) : 409|30|561
0366(1332.18) : 366|27|607
0371(1350.60) : 343|34|623
0376(1368.66) : 435|31|534
0381(1386.83) : 349|28|623
0386(1405.23) : 445|19|536
0391(1423.42) : 409|24|567
0396(1441.86) : 325|30|645
0401(1460.16) : 345|34|621
0406(1478.32) : 360|24|616
0411(1496.43) : 348|31|621
0416(1514.54) : 307|34|659
0421(1532.84) : 352|40|608
0426(1551.16) : 266|39|695
0431(1569.62) : 315|28|657
0436(1587.83) : 277|30|693
0441(1606.20) : 335|33|632
0446(1624.37) : 274|40|686
0451(1642.70) : 249|35|716
0456(1660.95) : 288|22|690
0461(1679.13) : 256|35|709
0466(1697.46) : 269|40|691
0471(1715.71) : 239|39|722
0476(1733.69) : 324|29|647
0481(1751.93) : 276|42|682
0486(1770.17) : 269|49|682
0491(1788.51) : 302|45|653
0496(1806.84) : 182|34|784
0501(1824.86) : 196|42|762
0506(1843.18) : 183|44|773
0511(1861.49) : 157|37|806
0516(1879.57) : 303|27|670
0521(1897.74) : 174|43|783
0526(1916.01) : 146|49|805
0531(1934.26) : 261|41|698
0536(1952.58) : 191|49|760
0541(1970.78) : 179|44|777
0546(1989.13) : 218|37|745
0551(2007.41) : 149|40|811
0556(2025.55) : 214|44|742
0561(2043.84) : 209|36|755
0566(2062.09) : 265|28|707
0571(2080.18) : 146|53|801
0576(2098.53) : 133|67|800
0581(2116.71) : 163|46|791
0586(2135.01) : 188|38|774
0591(2153.15) : 99|57|844
0596(2171.55) : 168|39|793
