0001(0.00) : 958|3|39
0006(7.15) : 972|1|27
0011(14.17) : 969|0|31
0016(21.37) : 963|2|35
0021(28.55) : 939|2|59
0026(35.58) : 964|3|33
0031(43.01) : 943|8|49
0036(51.21) : 927|9|64
0041(59.79) : 938|4|58
0046(69.08) : 943|2|55
0051(78.60) : 926|5|69
0056(87.53) : 922|6|72
0061(96.81) : 920|15|65
0066(106.24) : 874|5|121
0071(115.25) : 913|4|83
0076(124.40) : 893|5|102
0081(133.47) : 886|7|107
0086(142.90) : 862|8|130
0091(151.92) : 878|8|114
0096(160.93) : 876|7|117
0101(170.23) : 885|9|106
0106(179.39) : 884|7|109
0111(188.67) : 889|3|108
0116(197.81) : 876|4|120
0121(206.88) : 867|6|127
0126(215.81) : 881|7|112
0131(227.38) : 905|4|91
0136(240.03) : 871|16|113
0141(250.34) : 879|6|115
0146(259.87) : 853|7|140
0151(268.88) : 864|13|123
0156(277.87) : 862|6|132
0161(287.25) : 844|9|147
0166(296.02) : 847|5|148
0171(304.73) : 878|6|116
0176(313.82) : 859|13|128
0181(322.63) : 850|8|142
0186(331.27) : 839|9|152
0191(340.36) : 835|3|162
0196(349.44) : 848|3|149
0201(358.22) : 844|6|150
0206(367.27) : 820|5|175
0211(376.52) : 857|10|133
0216(385.33) : 859|10|131
0221(394.35) : 843|10|147
0226(403.20) : 837|7|156
0231(412.21) : 838|10|152
0236(421.47) : 846|5|149
0241(430.25) : 846|9|145
0246(439.10) : 833|10|157
0251(447.70) : 801|10|189
0256(457.10) : 823|9|168
0261(466.58) : 817|13|170
0266(475.82) : 837|10|153
0271(484.51) : 823|7|170
0276(493.23) : 819|13|168
0281(502.48) : 814|6|180
0286(511.33) : 806|4|190
0291(520.31) : 784|7|209
0296(529.34) : 804|12|184
0301(538.01) : 804|11|185
0306(546.58) : 754|18|228
0311(553.57) : 786|7|207
0316(560.77) : 826|11|163
0321(567.81) : 776|11|213
0326(574.84) : 811|10|179
0331(581.78) : 771|5|224
0336(589.01) : 832|5|163
0341(595.84) : 770|5|225
0346(602.84) : 758|11|231
0351(610.13) : 809|8|183
0356(617.39) : 788|15|197
0361(624.73) : 744|7|249
0366(631.74) : 782|5|213
0371(638.94) : 786|10|204
0376(645.97) : 742|11|247
0381(653.18) : 769|9|222
0386(660.52) : 777|10|213
0391(667.63) : 743|20|237
0396(674.58) : 791|11|198
0401(681.40) : 785|18|197
0406(688.27) : 781|12|207
0411(695.28) : 797|16|187
0416(702.42) : 760|11|229
0421(709.25) : 767|12|221
0426(716.24) : 730|14|256
0431(723.07) : 729|10|261
0436(729.94) : 741|9|250
0441(736.84) : 778|5|217
0446(743.86) : 752|14|234
0451(750.96) : 743|10|247
0456(757.95) : 760|4|236
0461(765.27) : 677|17|306
0466(772.38) : 749|15|236
0471(779.28) : 747|13|240
0476(786.14) : 761|13|226
0481(793.17) : 723|10|267
0486(800.42) : 734|14|252
0491(807.51) : 730|11|259
0496(814.57) : 716|14|270
0501(822.21) : 718|8|274
0506(829.25) : 684|15|301
0511(836.40) : 665|16|319
0516(843.51) : 679|20|301
0521(851.67) : 746|9|245
0526(859.36) : 748|11|241
0531(867.45) : 730|16|254
0536(874.41) : 737|13|250
0541(881.33) : 719|10|271
0546(888.64) : 694|12|294
0551(895.55) : 687|21|292
0556(902.48) : 685|23|292
0561(909.90) : 775|11|214
0566(917.29) : 724|10|266
0571(924.43) : 704|17|279
0576(931.69) : 724|10|266
0581(938.68) : 730|8|262
0586(945.63) : 683|10|307
0591(952.88) : 764|6|230
0596(960.69) : 703|16|281
