0001(0.00) : 964|3|33
0006(20.51) : 976|1|23
0011(41.03) : 956|1|43
0016(61.63) : 951|4|45
0021(82.30) : 949|2|49
0026(102.89) : 946|5|49
0031(123.53) : 947|1|52
0036(143.91) : 948|3|49
0041(164.54) : 941|0|59
0046(184.83) : 930|1|69
0051(205.43) : 925|6|69
0056(225.79) : 929|7|64
0061(246.03) : 919|7|74
0066(266.59) : 918|5|77
0071(286.88) : 897|12|91
0076(307.11) : 914|1|85
0081(327.57) : 884|3|113
0086(347.76) : 884|6|110
0091(368.17) : 895|13|92
0096(388.53) : 883|12|105
0101(408.91) : 890|5|105
0106(429.31) : 846|5|149
0111(449.78) : 858|10|132
0116(470.37) : 837|13|150
0121(490.85) : 828|11|161
0126(511.38) : 808|14|178
0131(531.84) : 838|12|150
0136(552.40) : 779|11|210
0141(572.97) : 810|15|175
0146(593.28) : 778|15|207
0151(613.75) : 814|14|172
0156(634.30) : 789|17|194
0161(654.55) : 775|10|215
0166(674.81) : 821|13|166
0171(695.20) : 796|8|196
0176(715.85) : 785|12|203
0181(736.30) : 789|8|203
0186(756.75) : 731|18|251
0191(777.23) : 765|16|219
0196(797.65) : 755|17|228
0201(818.12) : 751|15|234
0206(838.58) : 767|21|212
0211(859.04) : 712|12|276
0216(879.53) : 702|14|284
0221(899.88) : 627|14|359
0226(920.35) : 676|23|301
0231(940.84) : 624|20|356
0236(961.49) : 698|20|282
0241(982.04) : 652|17|331
0246(1002.47) : 623|22|355
0251(1022.97) : 611|22|367
0256(1043.42) : 637|15|348
0261(1063.87) : 593|20|387
0266(1084.58) : 611|14|375
0271(1105.29) : 615|26|359
0276(1125.70) : 585|20|395
0281(1146.37) : 581|20|399
0286(1166.98) : 573|17|410
0291(1187.56) : 586|23|391
0296(1208.15) : 501|33|466
0301(1228.97) : 589|23|388
0306(1249.59) : 431|27|542
0311(1270.05) : 481|26|493
0316(1290.70) : 504|18|478
0321(1311.25) : 566|13|421
0326(1331.78) : 511|19|470
0331(1352.42) : 505|17|478
0336(1372.87) : 393|28|579
0341(1393.54) : 465|25|510
0346(1414.14) : 514|21|465
0351(1434.62) : 420|21|559
0356(1455.05) : 436|28|536
0361(1475.65) : 366|23|611
0366(1496.18) : 432|27|541
0371(1516.69) : 406|24|570
0376(1537.21) : 470|25|505
0381(1557.99) : 443|31|526
0386(1578.56) : 370|28|602
0391(1598.85) : 417|18|565
0396(1619.21) : 276|32|692
0401(1639.98) : 385|40|575
0406(1660.63) : 395|27|578
0411(1680.84) : 333|23|644
0416(1701.36) : 379|40|581
0421(1721.84) : 300|31|669
0426(1742.35) : 321|39|640
0431(1762.82) : 321|30|649
0436(1783.55) : 501|29|470
0441(1804.04) : 289|35|676
0446(1824.56) : 296|26|678
0451(1845.14) : 298|29|673
0456(1865.66) : 340|40|620
0461(1886.15) : 251|35|714
0466(1906.67) : 283|33|684
0471(1927.07) : 320|29|651
0476(1947.62) : 257|47|696
0481(1968.29) : 256|35|709
0486(1988.93) : 303|34|663
0491(2009.33) : 238|39|723
0496(2029.87) : 271|33|696
0501(2050.40) : 250|43|707
0506(2070.87) : 280|36|684
0511(2091.46) : 206|37|757
0516(2112.03) : 249|35|716
0521(2132.35) : 314|22|664
0526(2153.04) : 217|41|742
0531(2173.56) : 217|52|731
0536(2194.08) : 244|40|716
0541(2214.67) : 230|27|743
0546(2235.20) : 227|39|734
0551(2255.88) : 216|42|742
0556(2276.59) : 199|41|760
0561(2297.28) : 213|41|746
0566(2317.70) : 234|48|718
0571(2338.37) : 328|34|638
0576(2359.26) : 223|51|726
0581(2379.74) : 254|38|708
0586(2400.36) : 301|32|667
0591(2420.93) : 290|23|687
0596(2441.46) : 223|38|739
