0001(0.00) : 962|0|38
0006(8.60) : 968|1|31
0011(17.26) : 965|0|35
0016(25.82) : 950|4|46
0021(34.56) : 951|3|46
0026(43.07) : 956|2|42
0031(51.52) : 959|0|41
0036(60.04) : 954|2|44
0041(68.49) : 951|7|42
0046(77.09) : 945|2|53
0051(85.62) : 936|4|60
0056(94.30) : 924|7|69
0061(102.81) : 938|6|56
0066(111.72) : 926|4|70
0071(120.40) : 925|7|68
0076(128.97) : 902|8|90
0081(137.55) : 889|9|102
0086(146.40) : 891|4|105
0091(155.11) : 883|12|105
0096(163.68) : 900|6|94
0101(172.08) : 871|11|118
0106(180.75) : 877|13|110
0111(189.25) : 908|7|85
0116(198.18) : 907|9|84
0121(206.89) : 864|6|130
0126(215.54) : 869|7|124
0131(224.33) : 824|13|163
0136(232.79) : 823|17|160
0141(241.47) : 883|8|109
0146(250.19) : 839|11|150
0151(258.82) : 846|15|139
0156(267.63) : 827|10|163
0161(276.36) : 823|7|170
0166(284.99) : 813|9|178
0171(293.54) : 859|7|134
0176(302.24) : 796|15|189
0181(310.96) : 775|13|212
0186(319.63) : 805|12|183
0191(328.06) : 798|14|188
0196(336.67) : 816|12|172
0201(345.27) : 809|11|180
0206(354.05) : 827|11|162
0211(362.64) : 791|12|197
0216(371.29) : 782|12|206
0221(379.84) : 722|14|264
0226(388.47) : 789|17|194
0231(397.19) : 697|7|296
0236(406.05) : 741|12|247
0241(414.79) : 678|12|310
0246(423.34) : 732|9|259
0251(431.89) : 670|25|305
0256(440.49) : 722|13|265
0261(449.11) : 700|13|287
0266(457.64) : 782|11|207
0271(466.38) : 677|20|303
0276(475.09) : 672|25|303
0281(483.67) : 596|18|386
0286(492.32) : 674|21|305
0291(501.21) : 659|18|323
0296(509.66) : 594|13|393
0301(518.31) : 607|17|376
0306(527.07) : 594|17|389
0311(535.96) : 626|15|359
0316(544.71) : 574|17|409
0321(553.39) : 556|21|423
0326(561.99) : 567|23|410
0331(570.78) : 536|27|437
0336(579.60) : 594|17|389
0341(588.23) : 540|25|435
0346(596.92) : 673|18|309
0351(605.57) : 542|22|436
0356(614.35) : 526|22|452
0361(623.00) : 554|28|418
0366(631.55) : 542|24|434
0371(640.15) : 516|23|461
0376(648.91) : 560|19|421
0381(657.72) : 537|18|445
0386(666.48) : 552|21|427
0391(675.10) : 530|29|441
0396(683.72) : 581|17|402
0401(692.45) : 527|33|440
0406(701.10) : 460|21|519
0411(709.81) : 522|26|452
0416(718.51) : 550|21|429
0421(727.22) : 577|17|406
0426(735.88) : 461|30|509
0431(744.55) : 508|25|467
0436(753.16) : 453|28|519
0441(761.87) : 474|35|491
0446(770.74) : 510|32|458
0451(779.60) : 495|30|475
0456(788.66) : 468|35|497
0461(797.43) : 432|34|534
0466(806.07) : 490|21|489
0471(814.99) : 423|38|539
0476(823.54) : 472|29|499
0481(832.23) : 421|24|555
0486(840.87) : 432|23|545
0491(849.56) : 431|26|543
0496(858.24) : 431|32|537
0501(866.98) : 475|27|498
0506(875.66) : 481|25|494
0511(884.45) : 517|29|454
0516(892.97) : 462|31|507
0521(901.47) : 421|30|549
0526(910.52) : 467|28|505
0531(919.22) : 428|26|546
0536(927.94) : 463|39|498
0541(936.49) : 462|19|519
0546(945.16) : 407|32|561
0551(953.90) : 416|31|553
0556(962.74) : 446|28|526
0561(971.29) : 427|30|543
0566(979.81) : 435|36|529
0571(988.38) : 368|47|585
0576(997.06) : 401|27|572
0581(1005.72) : 395|38|567
0586(1014.35) : 374|42|584
0591(1023.07) : 413|30|557
0596(1031.84) : 424|33|543
