0001(0.00) : 985|1|14
0006(9.96) : 963|1|36
0011(19.88) : 959|0|41
0016(29.58) : 951|2|47
0021(39.36) : 964|4|32
0026(49.64) : 943|5|52
0031(59.65) : 932|7|61
0036(69.26) : 953|2|45
0041(78.91) : 923|5|72
0046(88.55) : 917|12|71
0051(99.82) : 934|2|64
0056(111.73) : 911|5|84
0061(123.79) : 926|4|70
0066(135.41) : 911|8|81
0071(147.04) : 922|5|73
0076(159.75) : 906|10|84
0081(171.32) : 889|8|103
0086(183.25) : 923|9|68
0091(194.64) : 883|7|110
0096(206.73) : 913|1|86
0101(218.37) : 905|4|91
0106(229.97) : 893|11|96
0111(241.83) : 863|5|132
0116(253.25) : 866|12|122
0121(264.95) : 882|7|111
0126(277.14) : 862|13|125
0131(289.01) : 849|12|139
0136(300.61) : 858|11|131
0141(312.74) : 860|10|130
0146(325.06) : 860|9|131
0151(335.35) : 855|11|134
0156(345.23) : 869|14|117
0161(355.10) : 833|12|155
0166(364.81) : 878|9|113
0171(374.40) : 820|10|170
0176(384.06) : 822|6|172
0181(394.25) : 824|9|167
0186(405.56) : 809|15|176
0191(417.50) : 797|12|191
0196(428.04) : 820|10|170
0201(438.04) : 829|11|160
0206(447.54) : 779|13|208
0211(458.58) : 806|14|180
0216(470.58) : 809|8|183
0221(480.52) : 781|10|209
0226(491.63) : 825|17|158
0231(501.36) : 748|19|233
0236(510.98) : 769|17|214
0241(520.84) : 760|18|222
0246(530.46) : 794|15|191
0251(540.04) : 796|14|190
0256(549.63) : 774|11|215
0261(559.26) : 767|16|217
0266(568.87) : 754|12|234
0271(578.44) : 716|18|266
0276(588.10) : 725|15|260
0281(597.81) : 719|19|262
0286(607.77) : 707|10|283
0291(620.93) : 709|13|278
0296(633.18) : 742|17|241
0301(643.93) : 740|13|247
0306(653.46) : 753|14|233
0311(662.99) : 740|18|242
0316(672.56) : 679|18|303
0321(682.14) : 725|13|262
0326(691.71) : 661|17|322
0331(701.32) : 635|17|348
0336(710.93) : 614|28|358
0341(720.51) : 627|21|352
0346(730.01) : 643|18|339
0351(739.54) : 664|19|317
0356(749.07) : 676|10|314
0361(758.64) : 636|17|347
0366(768.17) : 642|15|343
0371(777.86) : 652|26|322
0376(788.62) : 569|10|421
0381(799.23) : 571|17|412
0386(810.23) : 627|21|352
0391(820.37) : 626|18|356
0396(830.13) : 573|15|412
0401(840.16) : 556|24|420
0406(850.09) : 621|22|357
0411(859.95) : 594|27|379
0416(869.89) : 607|17|376
0421(879.94) : 602|25|373
0426(890.00) : 510|23|467
0431(899.77) : 585|22|393
0436(909.80) : 545|15|440
0441(919.65) : 590|19|391
0446(929.79) : 539|18|443
0451(939.62) : 543|21|436
0456(950.03) : 481|27|492
0461(959.92) : 574|23|403
0466(969.70) : 589|15|396
0471(979.83) : 504|20|476
0476(989.55) : 548|24|428
0481(1000.25) : 475|24|501
0486(1010.44) : 499|20|481
0491(1020.66) : 520|28|452
0496(1030.62) : 531|15|454
0501(1040.64) : 525|14|461
0506(1050.57) : 451|19|530
0511(1060.35) : 477|26|497
0516(1070.21) : 591|25|384
0521(1080.35) : 468|26|506
0526(1090.37) : 481|18|501
0531(1100.24) : 629|14|357
0536(1110.21) : 479|23|498
0541(1120.22) : 539|18|443
0546(1130.20) : 416|26|558
0551(1140.68) : 420|36|544
0556(1150.68) : 475|29|496
0561(1160.85) : 447|20|533
0566(1171.19) : 433|26|541
0571(1181.30) : 407|22|571
0576(1191.51) : 478|26|496
0581(1201.46) : 498|30|472
0586(1211.69) : 492|24|484
0591(1221.48) : 405|31|564
0596(1231.10) : 345|40|615
