0001(0.00) : 963|0|37
0006(11.57) : 965|3|32
0011(23.05) : 959|2|39
0016(34.49) : 964|1|35
0021(46.18) : 951|9|40
0026(57.70) : 957|5|38
0031(69.31) : 946|8|46
0036(80.71) : 939|5|56
0041(92.27) : 928|5|67
0046(103.87) : 927|9|64
0051(115.56) : 931|6|63
0056(127.01) : 922|3|75
0061(138.64) : 921|10|69
0066(150.29) : 899|11|90
0071(161.93) : 894|11|95
0076(173.38) : 898|9|93
0081(184.99) : 875|4|121
0086(196.37) : 906|6|88
0091(207.86) : 888|15|97
0096(219.39) : 858|5|137
0101(231.01) : 859|8|133
0106(242.56) : 866|11|123
0111(253.92) : 857|8|135
0116(265.51) : 836|6|158
0121(277.21) : 795|22|183
0126(288.81) : 792|13|195
0131(300.54) : 809|12|179
0136(312.14) : 740|14|246
0141(323.54) : 801|12|187
0146(335.15) : 761|14|225
0151(346.79) : 690|7|303
0156(358.45) : 708|15|277
0161(370.25) : 724|13|263
0166(381.93) : 731|15|254
0171(393.36) : 594|19|387
0176(405.11) : 687|15|298
0181(416.76) : 660|24|316
0186(428.18) : 592|15|393
0191(439.62) : 611|8|381
0196(451.22) : 595|14|391
0201(462.86) : 642|16|342
0206(474.53) : 611|24|365
0211(486.27) : 647|13|340
0216(497.83) : 592|24|384
0221(509.39) : 525|12|463
0226(521.06) : 499|20|481
0231(532.62) : 533|26|441
0236(544.39) : 472|27|501
0241(556.17) : 455|24|521
0246(567.87) : 526|26|448
0251(579.47) : 512|27|461
0256(591.00) : 471|22|507
0261(602.63) : 449|32|519
0266(614.30) : 440|18|542
0271(626.13) : 452|32|516
0276(637.75) : 424|28|548
0281(649.27) : 391|26|583
0286(660.97) : 429|36|535
0291(672.57) : 556|21|423
0296(684.02) : 361|41|598
0301(695.62) : 403|27|570
0306(707.09) : 424|27|549
0311(718.68) : 339|36|625
0316(730.31) : 345|38|617
0321(741.67) : 350|28|622
0326(753.22) : 363|38|599
0331(764.87) : 356|32|612
0336(776.41) : 297|58|645
0341(788.05) : 340|41|619
0346(799.71) : 353|23|624
0351(811.29) : 339|33|628
0356(822.91) : 340|42|618
0361(834.40) : 293|40|667
0366(846.10) : 324|33|643
0371(857.63) : 293|50|657
0376(869.15) : 263|54|683
0381(880.70) : 281|55|664
0386(892.39) : 281|48|671
0391(903.83) : 269|58|673
0396(915.40) : 255|47|698
0401(927.03) : 254|38|708
0406(938.44) : 276|45|679
0411(950.01) : 293|42|665
0416(961.49) : 288|56|656
0421(973.27) : 231|50|719
0426(984.78) : 271|44|685
0431(996.29) : 272|47|681
0436(1007.65) : 253|42|705
0441(1019.31) : 272|41|687
0446(1030.99) : 262|58|680
0451(1042.47) : 196|60|744
0456(1054.05) : 265|49|686
0461(1065.52) : 229|31|740
0466(1077.22) : 246|45|709
0471(1088.97) : 224|38|738
0476(1100.34) : 240|44|716
0481(1111.90) : 227|56|717
0486(1123.37) : 226|46|728
0491(1134.96) : 229|59|712
0496(1146.63) : 195|52|753
0501(1158.11) : 274|50|676
0506(1169.61) : 208|50|742
0511(1181.10) : 222|58|720
0516(1192.86) : 235|42|723
0521(1204.21) : 236|46|718
0526(1215.96) : 238|59|703
0531(1227.38) : 223|48|729
0536(1238.76) : 255|45|700
0541(1250.25) : 228|41|731
0546(1261.66) : 248|58|694
0551(1273.17) : 206|58|736
0556(1284.75) : 203|60|737
0561(1296.32) : 204|46|750
0566(1307.83) : 223|55|722
0571(1319.53) : 271|50|679
0576(1331.04) : 225|56|719
0581(1342.59) : 203|42|755
0586(1354.20) : 223|49|728
0591(1365.58) : 232|59|709
0596(1377.41) : 206|45|749
