0001(0.00) : 973|0|27
0006(24.02) : 972|3|25
0011(48.60) : 958|3|39
0016(72.88) : 960|0|40
0021(97.26) : 945|4|51
0026(121.49) : 933|7|60
0031(146.15) : 927|2|71
0036(170.01) : 943|1|56
0041(194.24) : 942|4|54
0046(218.00) : 931|7|62
0051(241.91) : 913|6|81
0056(265.79) : 920|6|74
0061(289.29) : 910|5|85
0066(313.39) : 912|11|77
0071(336.97) : 885|6|109
0076(360.84) : 874|11|115
0081(384.42) : 877|12|111
0086(407.89) : 868|12|120
0091(428.58) : 874|11|115
0096(448.82) : 849|7|144
0101(470.38) : 893|13|94
0106(496.94) : 871|11|118
0111(522.93) : 864|6|130
0116(549.16) : 845|12|143
0121(576.00) : 831|9|160
0126(602.53) : 839|15|146
0131(628.68) : 822|15|163
0136(655.24) : 814|12|174
0141(681.47) : 824|9|167
0146(707.68) : 808|15|177
0151(731.23) : 811|10|179
0156(754.86) : 777|17|206
0161(778.89) : 791|20|189
0166(802.81) : 773|18|209
0171(826.72) : 797|17|186
0176(850.72) : 751|17|232
0181(874.85) : 736|17|247
0186(898.50) : 745|18|237
0191(922.33) : 720|12|268
0196(946.48) : 749|21|230
0201(970.72) : 702|18|280
0206(994.43) : 696|11|293
0211(1017.93) : 668|16|316
0216(1041.63) : 712|14|274
0221(1065.17) : 623|23|354
0226(1088.98) : 578|24|398
0231(1112.87) : 511|26|463
0236(1136.77) : 558|23|419
0241(1160.63) : 609|17|374
0246(1184.02) : 523|20|457
0251(1207.75) : 632|16|352
0256(1231.42) : 546|26|428
0261(1255.06) : 499|28|473
0266(1278.40) : 448|24|528
0271(1301.79) : 414|32|554
0276(1325.16) : 425|28|547
0281(1348.24) : 390|29|581
0286(1371.76) : 412|24|564
0291(1394.68) : 444|35|521
0296(1417.86) : 389|36|575
0301(1441.33) : 323|37|640
0306(1464.54) : 346|33|621
0311(1487.57) : 314|36|650
0316(1510.74) : 395|33|572
0321(1533.90) : 309|39|652
0326(1557.21) : 304|33|663
0331(1580.28) : 337|36|627
0336(1603.43) : 219|53|728
0341(1626.75) : 257|47|696
0346(1650.14) : 252|46|702
0351(1673.58) : 227|45|728
0356(1696.60) : 209|37|754
0361(1719.63) : 205|52|743
0366(1742.63) : 216|45|739
0371(1766.42) : 236|46|718
0376(1789.28) : 189|52|759
0381(1812.07) : 261|48|691
0386(1834.80) : 163|54|783
0391(1857.68) : 194|51|755
0396(1880.29) : 239|29|732
0401(1902.84) : 246|34|720
0406(1925.79) : 222|39|739
0411(1948.55) : 198|35|767
0416(1971.45) : 171|53|776
0421(1994.37) : 112|52|836
0426(2017.33) : 197|42|761
0431(2040.47) : 177|53|770
0436(2063.35) : 104|68|828
0441(2086.01) : 162|37|801
0446(2108.82) : 143|58|799
0451(2131.81) : 131|47|822
0456(2154.79) : 158|59|783
0461(2177.78) : 145|34|821
0466(2200.54) : 155|60|785
0471(2223.21) : 148|55|797
0476(2246.13) : 133|47|820
0481(2268.97) : 133|56|811
0486(2291.71) : 154|47|799
0491(2314.47) : 93|59|848
0496(2337.19) : 111|49|840
0501(2360.03) : 118|65|817
0506(2383.00) : 124|50|826
0511(2405.96) : 141|50|809
0516(2428.39) : 129|65|806
0521(2451.01) : 88|68|844
0526(2473.50) : 85|66|849
0531(2496.62) : 109|39|852
0536(2519.74) : 139|57|804
0541(2542.87) : 121|57|822
0546(2565.67) : 133|62|805
0551(2588.78) : 105|54|841
0556(2611.40) : 106|58|836
0561(2634.35) : 151|46|803
0566(2658.45) : 98|63|839
0571(2683.86) : 90|53|857
0576(2707.20) : 109|44|847
0581(2730.46) : 78|63|859
0586(2756.00) : 96|62|842
0591(2783.63) : 130|54|816
0596(2807.38) : 68|69|863
