0001(0.00) : 970|3|27
0006(27.42) : 973|0|27
0011(54.81) : 964|0|36
0016(82.37) : 953|5|42
0021(110.11) : 957|2|41
0026(137.59) : 943|3|54
0031(164.82) : 936|7|57
0036(191.96) : 952|7|41
0041(219.43) : 928|9|63
0046(246.60) : 931|2|67
0051(274.23) : 941|4|55
0056(302.02) : 925|3|72
0061(329.27) : 921|6|73
0066(356.73) : 906|8|86
0071(383.99) : 898|8|94
0076(411.73) : 921|4|75
0081(439.14) : 883|5|112
0086(466.47) : 881|5|114
0091(493.42) : 866|13|121
0096(520.37) : 845|9|146
0101(547.14) : 886|5|109
0106(573.87) : 884|4|112
0111(600.40) : 847|7|146
0116(626.88) : 838|8|154
0121(653.29) : 831|12|157
0126(679.90) : 850|8|142
0131(706.53) : 835|16|149
0136(732.90) : 824|18|158
0141(759.37) : 844|10|146
0146(785.93) : 808|16|176
0151(812.42) : 818|5|177
0156(838.85) : 809|17|174
0161(865.46) : 766|11|223
0166(892.19) : 784|14|202
0171(918.54) : 719|17|264
0176(944.96) : 783|14|203
0181(971.14) : 723|6|271
0186(997.43) : 727|16|257
0191(1023.08) : 701|25|274
0196(1048.62) : 667|26|307
0201(1073.97) : 726|18|256
0206(1099.70) : 694|20|286
0211(1124.91) : 685|29|286
0216(1150.36) : 609|23|368
0221(1175.61) : 690|16|294
0226(1200.90) : 602|25|373
0231(1226.13) : 620|21|359
0236(1251.87) : 618|18|364
0241(1277.27) : 506|27|467
0246(1302.71) : 505|21|474
0251(1327.90) : 500|20|480
0256(1353.01) : 496|44|460
0261(1378.69) : 501|34|465
0266(1403.86) : 518|41|441
0271(1429.03) : 362|32|606
0276(1454.20) : 392|46|562
0281(1479.43) : 488|26|486
0286(1504.56) : 354|50|596
0291(1529.88) : 429|29|542
0296(1555.11) : 337|28|635
0301(1580.42) : 391|37|572
0306(1605.93) : 343|48|609
0311(1631.46) : 473|35|492
0316(1656.65) : 327|40|633
0321(1682.14) : 352|34|614
0326(1707.75) : 273|50|677
0331(1733.11) : 250|68|682
0336(1758.27) : 254|39|707
0341(1783.45) : 224|49|727
0346(1808.68) : 251|52|697
0351(1833.97) : 214|72|714
0356(1859.15) : 260|43|697
0361(1884.31) : 263|52|685
0366(1909.80) : 257|48|695
0371(1935.01) : 230|62|708
0376(1961.82) : 221|53|726
0381(1988.56) : 267|51|682
0386(2013.99) : 192|44|764
0391(2041.17) : 192|53|755
0396(2073.97) : 201|57|742
0401(2100.51) : 188|58|754
0406(2126.99) : 151|57|792
0411(2150.24) : 199|55|746
0416(2176.23) : 259|54|687
0421(2200.45) : 159|60|781
0426(2225.88) : 165|64|771
0431(2249.48) : 168|58|774
0436(2272.41) : 215|42|743
0441(2295.09) : 221|54|725
0446(2317.48) : 139|57|804
0451(2340.56) : 133|67|800
0456(2363.67) : 164|55|781
0461(2387.26) : 149|79|772
0466(2410.12) : 142|58|800
0471(2433.92) : 154|66|780
0476(2459.15) : 129|66|805
0481(2484.70) : 124|59|817
0486(2509.97) : 179|57|764
0491(2535.30) : 178|61|761
0496(2560.65) : 142|69|789
0501(2585.82) : 151|48|801
0506(2611.34) : 131|52|817
0511(2636.87) : 129|64|807
0516(2662.35) : 117|65|818
0521(2690.74) : 114|65|821
0526(2720.97) : 112|57|831
0531(2752.57) : 143|63|794
0536(2780.51) : 114|72|814
0541(2806.13) : 87|51|862
0546(2832.47) : 85|54|861
0551(2858.33) : 102|61|837
0556(2883.54) : 131|60|809
0561(2908.89) : 98|65|837
0566(2933.97) : 117|53|830
0571(2959.32) : 95|67|838
0576(2984.70) : 106|64|830
0581(3010.12) : 88|66|846
0586(3035.15) : 90|82|828
0591(3060.39) : 90|56|854
0596(3085.79) : 74|68|858
