0001(0.00) : 959|0|41
0006(28.87) : 973|0|27
0011(57.16) : 947|0|53
0016(85.75) : 963|1|36
0021(114.48) : 950|2|48
0026(142.94) : 947|2|51
0031(171.31) : 952|4|44
0036(200.15) : 933|6|61
0041(228.94) : 937|4|59
0046(261.53) : 946|4|50
0051(297.14) : 920|10|70
0056(334.36) : 924|5|71
0061(365.52) : 920|8|72
0066(394.26) : 912|11|77
0071(424.20) : 918|6|76
0076(452.71) : 914|8|78
0081(480.74) : 907|8|85
0086(508.78) : 892|5|103
0091(536.99) : 898|2|100
0096(565.47) : 909|3|88
0101(593.88) : 893|6|101
0106(622.45) : 876|5|119
0111(650.51) : 882|7|111
0116(678.97) : 844|17|139
0121(709.41) : 868|5|127
0126(740.72) : 804|7|189
0131(772.11) : 839|15|146
0136(804.42) : 804|10|186
0141(837.30) : 844|10|146
0146(873.07) : 830|17|153
0151(906.21) : 802|14|184
0156(942.44) : 787|21|192
0161(978.20) : 774|17|209
0166(1012.97) : 743|17|240
0171(1044.18) : 749|15|236
0176(1076.15) : 749|11|240
0181(1108.05) : 742|21|237
0186(1140.56) : 710|15|275
0191(1171.72) : 770|28|202
0196(1204.59) : 701|17|282
0201(1237.50) : 690|19|291
0206(1266.28) : 730|16|254
0211(1300.36) : 701|16|283
0216(1335.32) : 661|20|319
0221(1367.03) : 655|24|321
0226(1400.94) : 665|22|313
0231(1437.01) : 661|18|321
0236(1465.95) : 593|12|395
0241(1494.28) : 584|25|391
0246(1525.03) : 623|33|344
0251(1558.25) : 444|29|527
0256(1591.08) : 555|20|425
0261(1622.97) : 528|22|450
0266(1653.84) : 563|28|409
0271(1685.16) : 449|25|526
0276(1720.35) : 514|25|461
0281(1750.79) : 457|24|519
0286(1782.69) : 434|25|541
0291(1811.82) : 393|28|579
0296(1854.55) : 453|22|525
0301(1896.32) : 401|25|574
0306(1923.88) : 430|30|540
0311(1961.65) : 416|19|565
0316(2002.02) : 390|28|582
0321(2031.49) : 393|25|582
0326(2059.46) : 374|28|598
0331(2087.53) : 378|36|586
0336(2115.81) : 279|35|686
0341(2143.68) : 308|38|654
0346(2175.16) : 317|27|656
0351(2206.54) : 255|46|699
0356(2238.14) : 377|28|595
0361(2269.43) : 253|29|718
0366(2300.39) : 261|42|697
0371(2331.81) : 323|31|646
0376(2361.76) : 193|52|755
0381(2392.81) : 205|47|748
0386(2423.22) : 276|46|678
0391(2454.41) : 187|50|763
0396(2485.61) : 157|45|798
0401(2516.28) : 253|40|707
0406(2547.30) : 172|46|782
0411(2578.10) : 163|42|795
0416(2606.55) : 216|27|757
0421(2634.49) : 171|52|777
0426(2662.68) : 152|72|776
0431(2690.71) : 167|36|797
0436(2720.76) : 149|38|813
0441(2751.71) : 169|51|780
0446(2783.41) : 197|43|760
0451(2814.46) : 179|50|771
0456(2845.60) : 215|38|747
0461(2875.21) : 143|53|804
0466(2904.92) : 168|49|783
0471(2935.18) : 145|45|810
0476(2964.32) : 160|61|779
0481(2992.38) : 106|69|825
0486(3020.50) : 129|50|821
0491(3048.80) : 164|35|801
0496(3077.44) : 179|43|778
0501(3106.85) : 83|57|860
0506(3136.22) : 143|55|802
0511(3165.81) : 97|55|848
0516(3195.26) : 92|47|861
0521(3224.91) : 96|59|845
0526(3254.12) : 104|63|833
0531(3283.12) : 135|41|824
0536(3312.70) : 108|53|839
0541(3342.02) : 138|52|810
0546(3371.31) : 167|49|784
0551(3400.91) : 113|55|832
0556(3430.05) : 145|57|798
0561(3459.99) : 83|53|864
0566(3489.41) : 100|55|845
0571(3518.65) : 84|60|856
0576(3548.39) : 107|57|836
0581(3578.02) : 152|51|797
0586(3607.24) : 125|61|814
0591(3636.66) : 78|58|864
0596(3665.83) : 80|57|863
