0001(0.00) : 972|0|28
0006(34.63) : 969|0|31
0011(70.36) : 964|0|36
0016(105.67) : 959|7|34
0021(140.88) : 962|3|35
0026(175.69) : 938|9|53
0031(213.88) : 931|7|62
0036(245.42) : 928|9|63
0041(281.47) : 937|4|59
0046(318.97) : 923|4|73
0051(353.74) : 928|5|67
0056(390.86) : 934|7|59
0061(427.79) : 910|6|84
0066(459.35) : 899|8|93
0071(490.42) : 889|6|105
0076(525.29) : 885|10|105
0081(562.24) : 915|8|77
0086(597.66) : 894|6|100
0091(632.06) : 894|11|95
0096(666.85) : 866|11|123
0101(704.13) : 887|8|105
0106(737.50) : 876|9|115
0111(772.12) : 872|9|119
0116(806.25) : 890|8|102
0121(846.78) : 856|6|138
0126(884.96) : 854|11|135
0131(915.98) : 852|13|135
0136(953.78) : 857|10|133
0141(991.34) : 812|12|176
0146(1022.97) : 819|12|169
0151(1054.18) : 827|17|156
0156(1086.41) : 788|12|200
0161(1117.95) : 772|18|210
0166(1151.68) : 815|15|170
0171(1186.13) : 774|13|213
0176(1220.98) : 774|16|210
0181(1255.26) : 757|12|231
0186(1289.89) : 697|9|294
0191(1324.04) : 709|18|273
0196(1358.14) : 714|19|267
0201(1392.17) : 729|11|260
0206(1426.24) : 721|8|271
0211(1460.33) : 762|16|222
0216(1494.23) : 696|15|289
0221(1528.09) : 706|20|274
0226(1561.77) : 718|10|272
0231(1592.58) : 664|16|320
0236(1623.57) : 660|19|321
0241(1654.60) : 688|15|297
0246(1685.77) : 616|16|368
0251(1718.56) : 635|10|355
0256(1753.04) : 528|27|445
0261(1787.99) : 627|27|346
0266(1822.90) : 608|18|374
0271(1855.57) : 603|25|372
0276(1888.53) : 530|13|457
0281(1920.97) : 566|26|408
0286(1953.61) : 408|26|566
0291(1985.24) : 448|16|536
0296(2016.99) : 504|22|474
0301(2048.60) : 495|20|485
0306(2080.40) : 392|20|588
0311(2113.49) : 435|23|542
0316(2146.10) : 388|20|592
0321(2178.57) : 283|33|684
0326(2211.35) : 286|43|671
0331(2243.81) : 400|27|573
0336(2276.42) : 333|24|643
0341(2309.10) : 336|33|631
0346(2341.52) : 259|23|718
0351(2374.49) : 283|37|680
0356(2407.09) : 232|37|731
0361(2439.93) : 320|22|658
0366(2472.42) : 320|41|639
0371(2504.78) : 274|34|692
0376(2537.63) : 215|44|741
0381(2569.98) : 188|39|773
0386(2602.64) : 337|29|634
0391(2635.34) : 240|41|719
0396(2667.52) : 219|52|729
0401(2697.89) : 187|41|772
0406(2726.21) : 202|37|761
0411(2757.78) : 174|41|785
0416(2789.44) : 187|41|772
0421(2821.39) : 169|59|772
0426(2853.18) : 168|54|778
0431(2885.36) : 122|73|805
0436(2918.83) : 253|43|704
0441(2955.83) : 191|43|766
0446(2993.71) : 145|58|797
0451(3023.51) : 184|40|776
0456(3053.42) : 199|37|764
0461(3083.05) : 115|46|839
0466(3114.43) : 149|58|793
0471(3145.91) : 111|45|844
0476(3176.90) : 138|51|811
0481(3208.13) : 132|46|822
0486(3239.27) : 176|45|779
0491(3270.93) : 116|64|820
0496(3302.37) : 124|54|822
0501(3334.12) : 112|58|830
0506(3367.88) : 152|58|790
0511(3402.20) : 182|40|778
0516(3435.17) : 152|64|784
0521(3469.10) : 157|41|802
0526(3503.89) : 114|41|845
0531(3538.41) : 131|54|815
0536(3573.25) : 149|54|797
0541(3608.40) : 147|58|795
0546(3644.45) : 115|59|826
0551(3678.45) : 144|45|811
0556(3712.65) : 141|56|803
0561(3746.62) : 170|43|787
0566(3781.65) : 189|47|764
0571(3816.05) : 151|51|798
0576(3848.06) : 122|53|825
0581(3882.67) : 120|53|827
0586(3922.80) : 99|61|840
0591(3963.53) : 138|66|796
0596(4006.48) : 104|55|841
