0001(0.00) : 956|0|44
0006(34.18) : 966|0|34
0011(68.04) : 970|4|26
0016(101.76) : 956|5|39
0021(135.57) : 971|2|27
0026(169.53) : 957|2|41
0031(203.52) : 955|2|43
0036(237.36) : 950|7|43
0041(273.92) : 931|9|60
0046(310.75) : 924|8|68
0051(346.87) : 924|7|69
0056(383.94) : 927|5|68
0061(420.83) : 934|5|61
0066(458.28) : 929|4|67
0071(496.54) : 926|2|72
0076(532.91) : 911|8|81
0081(571.70) : 929|4|67
0086(608.70) : 920|11|69
0091(646.48) : 900|6|94
0096(684.13) : 900|11|89
0101(721.73) : 892|13|95
0106(755.66) : 871|9|120
0111(792.74) : 897|7|96
0116(837.78) : 892|9|99
0121(886.04) : 879|9|112
0126(935.29) : 861|17|122
0131(988.08) : 869|7|124
0136(1039.92) : 862|3|135
0141(1090.54) : 867|10|123
0146(1129.76) : 877|8|115
0151(1167.76) : 841|5|154
0156(1212.36) : 854|13|133
0161(1260.58) : 816|16|168
0166(1309.16) : 838|13|149
0171(1357.13) : 842|14|144
0176(1407.15) : 817|6|177
0181(1453.27) : 820|12|168
0186(1497.66) : 790|9|201
0191(1540.72) : 835|10|155
0196(1584.96) : 818|9|173
0201(1628.25) : 834|13|153
0206(1672.34) : 813|5|182
0211(1716.11) : 813|18|169
0216(1759.78) : 792|14|194
0221(1804.07) : 773|15|212
0226(1847.53) : 773|15|212
0231(1890.63) : 734|7|259
0236(1934.36) : 772|16|212
0241(1978.48) : 756|13|231
0246(2022.84) : 768|8|224
0251(2066.65) : 819|10|171
0256(2110.21) : 704|10|286
0261(2153.90) : 764|7|229
0266(2197.88) : 745|6|249
0271(2241.47) : 764|12|224
0276(2285.00) : 685|13|302
0281(2329.57) : 718|19|263
0286(2373.37) : 719|16|265
0291(2418.31) : 621|12|367
0296(2462.13) : 695|20|285
0301(2504.82) : 675|15|310
0306(2551.13) : 690|20|290
0311(2597.99) : 613|8|379
0316(2643.51) : 573|19|408
0321(2688.71) : 657|12|331
0326(2734.78) : 610|21|369
0331(2780.82) : 636|12|352
0336(2826.13) : 691|20|289
0341(2870.63) : 649|14|337
0346(2906.83) : 594|30|376
0351(2941.89) : 609|19|372
0356(2976.31) : 614|20|366
0361(3010.64) : 554|18|428
0366(3046.09) : 546|27|427
0371(3081.22) : 542|24|434
0376(3116.52) : 449|25|526
0381(3151.64) : 537|23|440
0386(3187.00) : 534|22|444
0391(3231.88) : 464|30|506
0396(3277.19) : 447|26|527
0401(3322.24) : 517|27|456
0406(3367.19) : 489|19|492
0411(3411.99) : 388|30|582
0416(3457.74) : 368|35|597
0421(3503.03) : 430|32|538
0426(3548.45) : 406|31|563
0431(3593.14) : 365|30|605
0436(3637.13) : 406|26|568
0441(3681.08) : 389|35|576
0446(3725.17) : 321|35|644
0451(3768.57) : 325|36|639
0456(3812.11) : 511|13|476
0461(3855.86) : 362|26|612
0466(3900.10) : 347|23|630
0471(3945.27) : 275|43|682
0476(3979.83) : 281|45|674
0481(4014.60) : 251|55|694
0486(4049.45) : 337|39|624
0491(4085.15) : 433|25|542
0496(4119.55) : 285|39|676
0501(4154.36) : 290|34|676
0506(4188.34) : 286|52|662
0511(4222.17) : 247|41|712
0516(4256.21) : 274|49|677
0521(4290.09) : 256|45|699
0526(4325.18) : 305|40|655
0531(4361.11) : 239|42|719
0536(4395.63) : 195|41|764
0541(4429.88) : 236|51|713
0546(4464.04) : 250|44|706
0551(4499.10) : 227|45|728
0556(4535.05) : 266|34|700
0561(4570.51) : 246|42|712
0566(4605.76) : 201|64|735
0571(4641.70) : 189|52|759
0576(4675.19) : 196|49|755
0581(4710.31) : 226|41|733
0586(4746.44) : 217|39|744
0591(4780.66) : 293|41|666
0596(4814.62) : 200|50|750
