0001(0.00) : 973|0|27
0006(46.90) : 970|0|30
0011(93.24) : 968|3|29
0016(140.74) : 958|1|41
0021(188.08) : 962|4|34
0026(234.46) : 948|3|49
0031(281.59) : 947|1|52
0036(328.86) : 943|4|53
0041(375.54) : 928|1|71
0046(422.71) : 932|4|64
0051(469.72) : 940|2|58
0056(517.08) : 920|5|75
0061(565.06) : 938|1|61
0066(612.66) : 910|9|81
0071(660.14) : 919|3|78
0076(707.22) : 896|13|91
0081(754.62) : 914|5|81
0086(802.87) : 897|9|94
0091(848.81) : 897|7|96
0096(896.67) : 894|8|98
0101(944.73) : 871|13|116
0106(993.11) : 857|11|132
0111(1039.98) : 857|10|133
0116(1087.43) : 843|12|145
0121(1138.29) : 825|13|162
0126(1189.26) : 834|7|159
0131(1240.42) : 780|8|212
0136(1292.14) : 784|16|200
0141(1343.92) : 715|15|270
0146(1394.16) : 767|22|211
0151(1442.59) : 825|15|160
0156(1483.65) : 777|14|209
0161(1524.15) : 756|11|233
0166(1564.07) : 694|13|293
0171(1604.22) : 677|12|311
0176(1644.35) : 680|15|305
0181(1685.01) : 650|19|331
0186(1725.00) : 669|21|310
0191(1768.13) : 611|25|364
0196(1817.73) : 514|26|460
0201(1868.65) : 609|19|372
0206(1916.50) : 571|20|409
0211(1964.68) : 564|23|413
0216(2013.56) : 545|22|433
0221(2063.60) : 440|26|534
0226(2113.28) : 512|24|464
0231(2161.77) : 407|31|562
0236(2210.63) : 480|37|483
0241(2258.85) : 344|50|606
0246(2308.20) : 350|42|608
0251(2357.14) : 381|38|581
0256(2406.04) : 298|45|657
0261(2455.15) : 252|43|705
0266(2503.30) : 309|61|630
0271(2541.98) : 236|63|701
0276(2580.28) : 287|44|669
0281(2618.34) : 232|40|728
0286(2657.44) : 227|39|734
0291(2695.76) : 194|48|758
0296(2734.10) : 281|35|684
0301(2771.91) : 188|55|757
0306(2810.69) : 202|50|748
0311(2849.54) : 268|45|687
0316(2889.27) : 226|49|725
0321(2928.21) : 203|50|747
0326(2966.18) : 197|42|761
0331(3004.66) : 169|47|784
0336(3042.71) : 164|59|777
0341(3081.90) : 187|39|774
0346(3122.27) : 190|54|756
0351(3160.27) : 142|50|808
0356(3199.35) : 175|59|766
0361(3236.35) : 196|43|761
0366(3274.90) : 169|62|769
0371(3314.29) : 146|56|798
0376(3352.51) : 165|65|770
0381(3390.45) : 99|60|841
0386(3424.81) : 140|56|804
0391(3451.53) : 144|58|798
0396(3480.17) : 103|67|830
0401(3508.42) : 133|60|807
0406(3537.19) : 128|61|811
0411(3564.10) : 113|65|822
0416(3592.90) : 94|54|852
0421(3621.14) : 96|62|842
0426(3649.27) : 98|68|834
0431(3685.91) : 82|55|863
0436(3724.42) : 93|61|846
0441(3761.64) : 112|58|830
0446(3795.87) : 82|80|838
0451(3830.99) : 68|67|865
0456(3866.81) : 84|78|838
0461(3902.67) : 127|63|810
0466(3937.49) : 206|53|741
0471(3968.48) : 118|54|828
0476(3995.88) : 109|77|814
0481(4023.62) : 109|65|826
0486(4051.29) : 95|61|844
0491(4079.80) : 106|67|827
0496(4108.72) : 68|70|862
0501(4137.83) : 97|59|844
0506(4167.02) : 67|81|852
0511(4196.25) : 64|55|881
0516(4225.48) : 92|62|846
0521(4255.59) : 88|68|844
0526(4284.47) : 72|75|853
0531(4313.45) : 93|73|834
0536(4341.13) : 92|71|837
0541(4370.14) : 84|77|839
0546(4398.67) : 86|57|857
0551(4428.46) : 72|71|857
0556(4457.01) : 77|77|846
0561(4485.48) : 70|57|873
0566(4515.36) : 55|74|871
0571(4545.35) : 73|70|857
0576(4573.83) : 61|66|873
0581(4602.95) : 67|50|883
0586(4632.57) : 64|75|861
0591(4662.26) : 97|61|842
0596(4693.01) : 61|65|874
