0001(0.00) : 972|0|28
0006(16.10) : 975|0|25
0011(31.37) : 960|2|38
0016(47.42) : 955|5|40
0021(60.62) : 943|3|54
0026(73.88) : 955|1|44
0031(88.49) : 945|4|51
0036(102.33) : 946|3|51
0041(115.40) : 935|4|61
0046(128.44) : 944|3|53
0051(141.16) : 920|4|76
0056(154.24) : 931|5|64
0061(167.14) : 935|2|63
0066(180.16) : 922|3|75
0071(192.87) : 919|9|72
0076(206.01) : 915|7|78
0081(218.77) : 927|7|66
0086(231.73) : 901|14|85
0091(244.74) : 906|8|86
0096(257.77) : 868|18|114
0101(270.85) : 890|8|102
0106(283.63) : 882|8|110
0111(296.53) : 909|8|83
0116(309.69) : 877|11|112
0121(324.42) : 889|6|105
0126(339.77) : 872|7|121
0131(354.83) : 883|13|104
0136(369.92) : 837|11|152
0141(384.60) : 842|13|145
0146(399.13) : 817|16|167
0151(416.04) : 837|10|153
0156(431.38) : 843|15|142
0161(444.34) : 835|9|156
0166(457.52) : 826|12|162
0171(470.58) : 851|9|140
0176(484.23) : 845|8|147
0181(498.84) : 825|18|157
0186(513.55) : 802|9|189
0191(528.76) : 826|7|167
0196(542.51) : 822|13|165
0201(556.10) : 826|11|163
0206(569.21) : 825|11|164
0211(582.31) : 768|12|220
0216(595.13) : 811|13|176
0221(608.13) : 810|12|178
0226(620.92) : 782|10|208
0231(634.09) : 795|9|196
0236(647.06) : 810|11|179
0241(659.87) : 791|13|196
0246(673.22) : 822|11|167
0251(686.22) : 776|13|211
0256(699.00) : 787|17|196
0261(712.08) : 767|16|217
0266(724.84) : 778|12|210
0271(737.70) : 730|18|252
0276(750.66) : 742|11|247
0281(763.46) : 759|11|230
0286(776.50) : 739|14|247
0291(789.52) : 676|10|314
0296(802.56) : 721|12|267
0301(815.56) : 693|21|286
0306(828.39) : 710|19|271
0311(841.37) : 726|16|258
0316(854.03) : 656|11|333
0321(867.30) : 688|13|299
0326(880.28) : 675|10|315
0331(892.99) : 672|9|319
0336(905.78) : 670|19|311
0341(918.52) : 653|19|328
0346(931.46) : 701|17|282
0351(944.32) : 616|13|371
0356(957.54) : 662|15|323
0361(970.41) : 664|7|329
0366(983.54) : 626|16|358
0371(996.32) : 634|20|346
0376(1009.18) : 590|15|395
0381(1021.95) : 669|11|320
0386(1035.40) : 560|17|423
0391(1048.52) : 593|24|383
0396(1061.32) : 612|12|376
0401(1074.30) : 620|12|368
0406(1087.45) : 600|23|377
0411(1100.49) : 590|13|397
0416(1113.47) : 547|16|437
0421(1126.04) : 585|20|395
0426(1138.98) : 541|26|433
0431(1151.84) : 615|18|367
0436(1164.64) : 601|19|380
0441(1177.57) : 523|24|453
0446(1190.69) : 583|14|403
0451(1203.63) : 590|27|383
0456(1216.85) : 527|24|449
0461(1229.97) : 573|20|407
0466(1242.69) : 556|21|423
0471(1255.88) : 517|19|464
0476(1268.60) : 566|18|416
0481(1281.47) : 533|25|442
0486(1294.75) : 641|18|341
0491(1307.73) : 514|16|470
0496(1320.44) : 544|21|435
0501(1333.36) : 554|27|419
0506(1346.08) : 495|26|479
0511(1359.08) : 514|27|459
0516(1372.01) : 523|27|450
0521(1384.74) : 590|22|388
0526(1397.50) : 508|23|469
0531(1410.34) : 492|20|488
0536(1423.25) : 560|28|412
0541(1436.04) : 471|27|502
0546(1449.05) : 532|30|438
0551(1461.90) : 485|16|499
0556(1474.92) : 558|20|422
0561(1487.71) : 550|26|424
0566(1500.50) : 474|23|503
0571(1513.44) : 522|14|464
0576(1526.24) : 493|25|482
0581(1539.41) : 501|22|477
0586(1552.48) : 515|27|458
0591(1565.64) : 509|30|461
0596(1578.72) : 465|31|504
