0001(0.00) : 967|0|33
0006(14.91) : 979|0|21
0011(30.94) : 964|0|36
0016(45.97) : 955|1|44
0021(60.70) : 951|7|42
0026(75.41) : 954|0|46
0031(89.70) : 938|4|58
0036(104.24) : 938|7|55
0041(119.00) : 943|10|47
0046(133.61) : 932|6|62
0051(148.09) : 939|4|57
0056(162.64) : 930|5|65
0061(177.31) : 926|2|72
0066(191.80) : 910|8|82
0071(206.63) : 899|7|94
0076(220.99) : 900|14|86
0081(235.63) : 913|3|84
0086(250.06) : 913|7|80
0091(265.73) : 927|5|68
0096(283.29) : 887|6|107
0101(301.10) : 884|2|114
0106(319.51) : 892|6|102
0111(335.24) : 893|8|99
0116(352.53) : 885|9|106
0121(369.55) : 833|13|154
0126(385.12) : 853|14|133
0131(399.84) : 869|5|126
0136(414.76) : 848|12|140
0141(430.00) : 865|14|121
0146(446.04) : 876|16|108
0151(463.72) : 859|7|134
0156(480.32) : 847|15|138
0161(496.00) : 820|12|168
0166(510.71) : 832|12|156
0171(525.55) : 821|11|168
0176(540.60) : 782|14|204
0181(555.34) : 848|11|141
0186(570.05) : 807|5|188
0191(585.02) : 742|10|248
0196(599.55) : 812|15|173
0201(614.03) : 737|14|249
0206(628.45) : 763|11|226
0211(643.00) : 785|14|201
0216(657.72) : 754|15|231
0221(672.16) : 799|6|195
0226(687.06) : 739|20|241
0231(701.57) : 746|10|244
0236(716.38) : 757|14|229
0241(731.18) : 714|10|276
0246(745.75) : 733|12|255
0251(760.36) : 736|8|256
0256(774.94) : 697|14|289
0261(789.82) : 722|13|265
0266(804.49) : 712|9|279
0271(819.23) : 654|27|319
0276(833.94) : 694|14|292
0281(848.66) : 710|16|274
0286(863.20) : 633|21|346
0291(877.80) : 722|18|260
0296(892.49) : 702|20|278
0301(907.16) : 660|16|324
0306(921.95) : 680|16|304
0311(936.76) : 667|23|310
0316(951.44) : 712|16|272
0321(966.22) : 650|13|337
0326(980.98) : 659|24|317
0331(995.80) : 646|17|337
0336(1010.72) : 657|14|329
0341(1025.39) : 610|16|374
0346(1040.21) : 647|21|332
0351(1054.98) : 635|14|351
0356(1069.84) : 647|23|330
0361(1084.51) : 638|14|348
0366(1098.84) : 557|13|430
0371(1113.50) : 593|21|386
0376(1128.01) : 585|26|389
0381(1142.77) : 585|19|396
0386(1157.74) : 592|20|388
0391(1172.08) : 582|17|401
0396(1186.70) : 599|22|379
0401(1201.19) : 606|18|376
0406(1215.81) : 613|18|369
0411(1230.54) : 569|16|415
0416(1245.31) : 607|15|378
0421(1259.99) : 569|19|412
0426(1274.52) : 593|21|386
0431(1289.47) : 572|22|406
0436(1303.91) : 511|16|473
0441(1318.41) : 532|21|447
0446(1332.97) : 544|19|437
0451(1347.58) : 537|13|450
0456(1362.02) : 536|18|446
0461(1376.79) : 546|19|435
0466(1391.63) : 459|21|520
0471(1406.33) : 580|10|410
0476(1421.13) : 582|27|391
0481(1436.16) : 455|33|512
0486(1450.73) : 480|34|486
0491(1465.41) : 501|24|475
0496(1480.41) : 542|17|441
0501(1495.13) : 513|25|462
0506(1509.82) : 526|27|447
0511(1524.64) : 483|16|501
0516(1539.17) : 465|16|519
0521(1551.51) : 522|25|453
0526(1563.35) : 451|25|524
0531(1574.75) : 395|25|580
0536(1585.82) : 481|33|486
0541(1597.30) : 404|29|567
0546(1608.51) : 456|13|531
0551(1621.33) : 405|27|568
0556(1634.18) : 433|17|550
0561(1645.66) : 341|29|630
0566(1657.44) : 439|20|541
0571(1672.19) : 396|18|586
0576(1686.91) : 383|22|595
0581(1701.95) : 369|26|605
0586(1716.85) : 363|32|605
0591(1731.80) : 417|22|561
0596(1746.40) : 371|27|602
