0001(0.00) : 976|0|24
0006(17.94) : 960|1|39
0011(36.10) : 957|0|43
0016(53.86) : 966|4|30
0021(71.87) : 957|0|43
0026(90.10) : 953|3|44
0031(108.81) : 953|4|43
0036(128.06) : 952|4|44
0041(147.38) : 950|7|43
0046(166.60) : 929|13|58
0051(185.93) : 942|3|55
0056(205.00) : 930|6|64
0061(224.10) : 943|3|54
0066(243.52) : 937|4|59
0071(262.83) : 928|10|62
0076(281.04) : 914|7|79
0081(299.07) : 927|2|71
0086(316.91) : 895|7|98
0091(334.51) : 900|10|90
0096(352.07) : 921|6|73
0101(370.13) : 917|8|75
0106(388.25) : 876|9|115
0111(406.14) : 891|5|104
0116(424.01) : 901|7|92
0121(441.80) : 915|9|76
0126(459.72) : 869|9|122
0131(477.70) : 864|13|123
0136(495.67) : 885|3|112
0141(513.40) : 874|6|120
0146(531.31) : 839|11|150
0151(549.44) : 850|13|137
0156(567.10) : 864|13|123
0161(584.87) : 843|13|144
0166(602.97) : 842|13|145
0171(620.72) : 815|16|169
0176(638.54) : 822|12|166
0181(656.55) : 812|10|178
0186(674.27) : 814|15|171
0191(692.24) : 820|13|167
0196(710.00) : 801|8|191
0201(727.92) : 749|13|238
0206(745.36) : 792|15|193
0211(762.93) : 780|9|211
0216(780.36) : 778|11|211
0221(797.90) : 823|12|165
0226(815.64) : 758|13|229
0231(833.22) : 756|12|232
0236(851.21) : 732|6|262
0241(868.64) : 762|13|225
0246(886.53) : 695|15|290
0251(904.22) : 752|14|234
0256(922.15) : 694|25|281
0261(940.06) : 716|10|274
0266(958.06) : 712|13|275
0271(975.87) : 766|7|227
0276(993.54) : 740|13|247
0281(1011.23) : 649|17|334
0286(1029.16) : 729|18|253
0291(1047.05) : 716|17|267
0296(1064.98) : 743|11|246
0301(1082.85) : 726|11|263
0306(1100.43) : 687|12|301
0311(1118.39) : 673|17|310
0316(1136.30) : 718|13|269
0321(1154.04) : 708|17|275
0326(1171.96) : 695|12|293
0331(1189.61) : 685|15|300
0336(1207.32) : 678|19|303
0341(1225.06) : 725|19|256
0346(1242.80) : 682|15|303
0351(1260.61) : 579|17|404
0356(1278.66) : 614|17|369
0361(1296.39) : 709|14|277
0366(1314.13) : 648|15|337
0371(1331.98) : 646|9|345
0376(1349.39) : 598|16|386
0381(1367.23) : 564|16|420
0386(1385.26) : 589|13|398
0391(1403.01) : 566|13|421
0396(1421.02) : 591|21|388
0401(1439.12) : 599|16|385
0406(1457.00) : 582|14|404
0411(1474.95) : 575|18|407
0416(1492.85) : 605|14|381
0421(1510.64) : 490|14|496
0426(1528.53) : 553|14|433
0431(1546.28) : 568|8|424
0436(1564.26) : 529|16|455
0441(1581.90) : 529|19|452
0446(1599.73) : 524|19|457
0451(1617.89) : 578|20|402
0456(1635.44) : 506|18|476
0461(1653.27) : 486|42|472
0466(1671.25) : 515|26|459
0471(1689.33) : 461|17|522
0476(1707.21) : 498|20|482
0481(1725.43) : 526|19|455
0486(1743.45) : 524|18|458
0491(1761.59) : 472|26|502
0496(1779.75) : 507|17|476
0501(1797.81) : 534|20|446
0506(1816.23) : 461|22|517
0511(1834.24) : 524|17|459
0516(1852.43) : 482|27|491
0521(1870.63) : 441|23|536
0526(1888.73) : 467|30|503
0531(1906.57) : 421|22|557
0536(1924.42) : 429|24|547
0541(1942.08) : 427|38|535
0546(1959.99) : 462|21|517
0551(1978.15) : 408|18|574
0556(1996.23) : 447|23|530
0561(2014.04) : 480|22|498
0566(2031.91) : 433|27|540
0571(2049.94) : 441|15|544
0576(2067.71) : 390|29|581
0581(2085.58) : 439|20|541
0586(2103.18) : 407|34|559
0591(2121.01) : 419|34|547
0596(2139.10) : 422|28|550
