0001(0.00) : 974|0|26
0006(21.57) : 960|3|37
0011(42.91) : 966|4|30
0016(64.30) : 953|6|41
0021(85.82) : 947|4|49
0026(107.41) : 928|6|66
0031(128.67) : 940|4|56
0036(150.28) : 927|3|70
0041(171.64) : 915|4|81
0046(193.30) : 925|8|67
0051(214.41) : 932|8|60
0056(236.09) : 935|1|64
0061(257.56) : 907|8|85
0066(278.97) : 916|5|79
0071(300.39) : 911|5|84
0076(321.80) : 900|11|89
0081(343.00) : 910|7|83
0086(364.25) : 896|6|98
0091(385.60) : 890|9|101
0096(406.68) : 882|9|109
0101(427.84) : 872|8|120
0106(449.58) : 871|9|120
0111(470.96) : 849|9|142
0116(492.15) : 875|8|117
0121(513.50) : 852|8|140
0126(534.40) : 857|1|142
0131(555.76) : 840|10|150
0136(576.90) : 823|7|170
0141(598.03) : 824|7|169
0146(619.50) : 811|12|177
0151(640.92) : 797|10|193
0156(661.96) : 814|10|176
0161(683.33) : 781|10|209
0166(704.55) : 853|9|138
0171(726.09) : 797|8|195
0176(747.28) : 805|5|190
0181(768.37) : 754|7|239
0186(789.80) : 811|14|175
0191(810.99) : 777|13|210
0196(832.47) : 785|6|209
0201(853.47) : 729|11|260
0206(874.87) : 759|15|226
0211(895.99) : 784|6|210
0216(917.22) : 760|4|236
0221(938.52) : 791|9|200
0226(959.53) : 778|8|214
0231(981.00) : 765|6|229
0236(1002.35) : 767|10|223
0241(1023.72) : 785|17|198
0246(1044.97) : 770|9|221
0251(1066.28) : 689|13|298
0256(1087.93) : 765|12|223
0261(1109.33) : 758|10|232
0266(1130.53) : 748|11|241
0271(1152.01) : 739|15|246
0276(1173.37) : 698|14|288
0281(1194.17) : 706|7|287
0286(1215.16) : 679|16|305
0291(1236.23) : 732|15|253
0296(1257.51) : 695|12|293
0301(1278.96) : 682|10|308
0306(1300.14) : 669|11|320
0311(1321.39) : 665|18|317
0316(1342.60) : 686|19|295
0321(1363.99) : 725|8|267
0326(1384.93) : 669|15|316
0331(1406.23) : 665|14|321
0336(1427.35) : 667|9|324
0341(1448.55) : 681|16|303
0346(1469.99) : 642|14|344
0351(1491.11) : 662|12|326
0356(1512.19) : 690|15|295
0361(1533.18) : 699|15|286
0366(1554.16) : 597|22|381
0371(1575.03) : 623|15|362
0376(1595.87) : 604|21|375
0381(1616.70) : 573|23|404
0386(1637.83) : 593|14|393
0391(1658.50) : 572|25|403
0396(1679.30) : 582|16|402
0401(1700.16) : 579|21|400
0406(1720.91) : 533|18|449
0411(1741.78) : 581|12|407
0416(1762.77) : 589|15|396
0421(1783.72) : 583|16|401
0426(1804.56) : 559|13|428
0431(1825.33) : 595|17|388
0436(1845.94) : 584|17|399
0441(1866.70) : 492|25|483
0446(1887.30) : 515|23|462
0451(1907.28) : 500|23|477
0456(1926.87) : 511|28|461
0461(1946.39) : 518|15|467
0466(1965.87) : 497|28|475
0471(1985.61) : 474|24|502
0476(2005.37) : 503|26|471
0481(2025.16) : 504|32|464
0486(2044.88) : 467|23|510
0491(2064.75) : 474|23|503
0496(2084.82) : 509|17|474
0501(2104.75) : 498|19|483
0506(2125.26) : 483|19|498
0511(2145.82) : 448|31|521
0516(2166.39) : 424|30|546
0521(2186.86) : 479|28|493
0526(2207.68) : 432|29|539
0531(2228.25) : 493|26|481
0536(2248.85) : 441|33|526
0541(2269.61) : 404|26|570
0546(2290.10) : 449|19|532
0551(2310.87) : 432|21|547
0556(2331.69) : 407|29|564
0561(2352.22) : 438|23|539
0566(2373.10) : 362|35|603
0571(2393.52) : 409|31|560
0576(2414.09) : 363|28|609
0581(2434.44) : 429|38|533
0586(2454.72) : 395|25|580
0591(2475.11) : 443|19|538
0596(2495.53) : 428|30|542
