$ python match.py -r nn -ra /tmp/Pong/ActorCritic/ -ne 1000 --all_versions

0010(0.00) : 960|12|28
0020(4060.16) : 976|10|14
0030(10757.31) : 973|17|10
0040(20292.46) : 967|18|15
0050(32869.87) : 955|14|31
0060(47506.38) : 960|13|27
0070(68098.94) : 843|20|137
0080(87775.43) : 926|14|60
0090(108468.30) : 925|24|51
0100(128742.99) : 862|12|126
0110(151478.46) : 348|16|636
0120(172555.79) : 766|12|222
0130(192708.96) : 511|0|489
0140(212869.01) : 885|4|111
0150(232966.78) : 831|11|158
0160(253294.31) : 494|17|489
0170(273718.38) : 590|14|396
0180(294043.46) : 513|17|470
0190(314923.71) : 880|8|112
0200(335691.69) : 780|6|214
0210(355916.67) : 396|2|602
0220(376164.49) : 766|6|228
0230(396353.94) : 783|8|209
0240(416656.62) : 837|6|157
0250(436865.72) : 809|7|184
0260(457105.90) : 638|25|337
0270(477357.06) : 657|11|332
0280(497661.45) : 718|11|271
0290(517879.76) : 877|2|121
0300(537961.26) : 903|5|92
0310(558169.64) : 462|13|525
0320(579332.48) : 356|18|626
0330(600056.21) : 746|10|244
0340(620169.25) : 911|5|84
0350(640385.92) : 895|5|100
0360(660642.34) : 535|15|450
0370(681970.90) : 394|16|590
0380(702273.48) : 890|9|101
0390(722351.51) : 918|8|74
0400(742459.47) : 720|4|276
0410(762739.96) : 574|12|414
0420(783175.31) : 449|21|530
0430(803591.32) : 627|17|356
0440(823902.38) : 768|9|223
0450(844099.25) : 807|4|189
0460(864334.31) : 469|10|521
0470(884691.22) : 352|17|631

