$ python match.py -r nn -ra /tmp/Pong/ActorCritic_self/ -ne 1000 --all_versions

0010(0.00) : 936|7|57
0020(4202.54) : 940|10|50
0030(11331.74) : 900|3|97
0040(21725.42) : 984|7|9
0050(35743.85) : 951|19|30
0060(51519.00) : 973|6|21
0070(74326.51) : 948|20|32
0080(94956.37) : 950|18|32
0090(115044.36) : 941|20|39
0100(135045.52) : 939|16|45
0110(158377.91) : 930|21|49
0120(178407.08) : 879|19|102
0130(198463.91) : 694|8|298
0140(218549.74) : 656|8|336
0150(238702.30) : 604|15|381
0160(258695.57) : 850|6|144
0170(278558.66) : 564|2|434
0180(298791.59) : 909|13|78
0190(319151.46) : 740|4|256
0200(339746.55) : 525|6|469
0210(359869.57) : 740|17|243
0220(379810.26) : 601|22|377
0230(399962.73) : 511|11|478
0240(420366.01) : 822|5|173
0250(440312.41) : 599|9|392
0260(460523.54) : 469|9|522
0270(480552.23) : 774|6|220
0280(500538.42) : 507|13|480
0290(520789.36) : 513|8|479
0300(540852.14) : 758|10|232
0310(560862.74) : 406|13|581
0320(581905.49) : 576|15|409
0330(602261.28) : 757|9|234
0340(622253.35) : 564|9|427
0350(642609.58) : 497|17|486
0360(663089.66) : 550|17|433
0370(684053.67) : 521|21|458
0380(704262.08) : 505|10|485
0390(724495.54) : 585|20|395
0400(744717.55) : 544|17|439
0410(764936.86) : 544|14|442
0420(785148.86) : 678|18|304
0430(805232.48) : 726|20|254
0440(825301.08) : 686|19|295
0450(845466.72) : 653|12|335
0460(865625.76) : 503|17|480
0470(885809.62) : 511|11|478
