$ python match.py -r nn -ra /mnt/local-ssd/data/pong/AlphaPong_SelfPlay/ -ne 1000 --all_versions

0001(0.00) : 933|12|55
0002(9954.52) : 830|2|168
0003(19856.58) : 922|5|73
0004(29463.22) : 797|2|201
0005(39002.71) : 907|3|90
0006(51152.02) : 858|5|137
0007(63118.63) : 845|0|155
0008(72970.96) : 876|0|124
0009(92100.11) : 828|0|172
0010(112180.91) : 835|12|153
0011(130665.07) : 895|6|99
0012(148892.60) : 905|9|86
0013(169161.89) : 784|11|205
0014(194306.36) : 884|0|116
0015(219947.34) : 809|1|190
0016(244330.13) : 791|1|208
0017(276326.81) : 716|11|273
0018(302541.11) : 846|2|152
0019(333132.14) : 770|8|222
0020(373918.26) : 683|12|305
0021(406085.13) : 784|7|209
0022(439204.86) : 836|12|152
0023(468954.92) : 747|5|248
