$ python match.py -r nn -ra /mnt/local-ssd/data/pong/AlphaPong/ -ne 1000 --all_versions

0001(0.00) : 932|8|60
0002(19385.17) : 789|5|206
0003(41291.37) : 743|6|251
0004(64547.37) : 793|0|207
0005(84668.42) : 711|5|284
0006(106586.49) : 645|16|339
0007(126693.02) : 748|4|248
0008(149286.78) : 720|4|276
0009(177144.72) : 699|5|296
0010(202588.72) : 699|4|297
0011(232732.12) : 680|7|313
0012(262202.23) : 596|8|396
0013(289695.34) : 534|16|450
0014(318625.00) : 473|14|513
0015(346997.55) : 407|13|580
0016(379408.81) : 385|16|599

