$ python match.py -r nn -ra /tmp/Pong/DeepQ_replay/ -ne 1000 --all_versions

0001(0.00) : 963|4|33
0002(18.68) : 889|0|111
0003(39.16) : 859|3|138
0004(63.31) : 799|14|187
0005(90.55) : 780|6|214
0006(117.59) : 751|8|241
0007(147.94)  : 728|5|267
0008(178.63) : 705|1|294
0009(211.11) : 648|3|349
0010(244.87) : 637|9|354
0011(276.54) : 639|9|352
0012(306.55) : 582|5|413
0013(338.00) : 581|6|413
0014(372.33) : 332|6|662
0015(415.74) : 361|10|629
0016(455.78) : 176|18|806
0017(503.79) : 192|21|787
0018(551.57) : 136|13|851
0019(600.59) : 108|12|880
0020(650.83) : 116|17|867
0021(703.15) : 180|15|805
0022(753.10) : 50|15|935
0023(805.24) : 84|8|908
0024(857.11) : 14|10|976
0025(912.67) : 10|12|978
0026(970.74) : 7|21|972
0027(1028.23) : 15|11|974
0028(1088.51) : 10|14|976
0029(1149.28) : 10|22|968
0030(1209.20) : 20|20|960
0031(1266.01) : 20|22|958
0032(1322.67) : 20|9|971
0033(1377.55) : 10|12|978
0034(1435.15) : 29|14|957
0035(1492.44) : 6|12|982
0036(1550.69) : 10|13|977
0037(1612.10) : 21|17|962
0038(1671.43) : 23|26|951
0039(1731.19) : 28|11|961
0040(1791.86) : 24|16|960
0041(1850.39) : 75|17|908
0042(1909.61) : 36|18|946
0043(1970.56) : 13|20|967
0044(2028.71) : 25|18|957
