$ python match.py -r nn -ra /tmp/Pong/DeepValueIteration_follow/ -ne 1000 --all_versions 

0010(0.00) : 934|8|58
0020(25.85) : 757|16|227
0030(51.66) : 838|8|154
0040(77.43) : 633|4|363
0050(103.40) : 471|13|516
0060(129.12) : 503|12|485
0070(154.85) : 253|14|733
0080(180.41) : 314|11|675
0090(205.92) : 262|12|726
0100(232.06) : 210|11|779
0110(257.99) : 249|13|738
0120(283.97) : 195|9|796
0130(309.76) : 129|18|853
0140(335.58) : 77|13|910
0150(361.52) : 167|14|819
0160(387.39) : 130|10|860
0170(413.11) : 82|16|902
0180(438.84) : 102|11|887
0190(464.85) : 77|15|908
0200(490.86) : 56|13|931
0210(516.94) : 64|12|924
0220(542.65) : 147|18|835
0230(568.55) : 60|18|922
0240(594.30) : 36|14|950
0250(619.92) : 18|23|959
0260(645.80) : 16|11|973
0270(671.61) : 10|10|980
0280(697.31) : 68|15|917
0290(722.91) : 91|11|898
0300(748.90) : 146|16|838
0310(774.89) : 2|16|982
0320(800.46) : 28|16|956
0330(826.00) : 29|14|957
0340(851.75) : 28|17|955
0350(877.78) : 54|14|932
0360(903.64) : 36|20|944
0370(929.49) : 73|14|913
0380(955.44) : 29|20|951
0390(981.26) : 54|19|927
0400(1007.09) : 10|21|969
0410(1032.78) : 48|23|929
0420(1058.58) : 44|17|939
0430(1084.47) : 37|16|947
0440(1110.43) : 23|35|942
0450(1136.29) : 9|15|976
0460(1162.28) : 93|17|890
0470(1188.09) : 7|23|970
0480(1214.16) : 291|13|696
0490(1239.99) : 184|26|790
0500(1265.78) : 135|24|841
0510(1291.37) : 148|27|825
0520(1317.20) : 69|27|904
0530(1343.19) : 233|23|744
0540(1369.19) : 150|16|834
0550(1395.38) : 172|15|813
0560(1421.30) : 155|20|825
0570(1447.21) : 243|25|732
0580(1472.83) : 308|19|673
0590(1498.79) : 214|35|751
0600(1524.52) : 381|13|606
0610(1550.33) : 383|16|601
0620(1576.46) : 409|20|571
0630(1602.23) : 333|15|652
0640(1628.04) : 348|23|629
0650(1653.90) : 383|18|599
0660(1679.87) : 371|23|606
0670(1706.00) : 490|15|495
0680(1731.91) : 414|15|571
0690(1757.64) : 448|9|543
0700(1783.42) : 368|15|617
0710(1809.36) : 330|22|648
0720(1835.44) : 391|22|587
0730(1861.15) : 496|22|482
0740(1887.36) : 476|26|498
0750(1913.15) : 333|35|632
0760(1939.30) : 219|34|747
0770(1965.09) : 153|30|817
0780(1990.81) : 73|25|902
0790(2016.50) : 237|25|738
0800(2042.29) : 99|19|882
0810(2068.01) : 24|16|960
0820(2093.81) : 93|19|888
0830(2119.77) : 88|28|884
0840(2145.54) : 43|35|922
0850(2171.62) : 47|24|929
0860(2197.75) : 81|21|898
0870(2223.64) : 103|26|871
0880(2249.70) : 72|12|916
0890(2275.21) : 50|17|933
0900(2300.91) : 32|27|941
0910(2327.03) : 44|24|932
0920(2353.00) : 39|41|920
0930(2379.41) : 27|31|942
0940(2405.36) : 42|23|935
0950(2431.15) : 74|40|886
0960(2457.01) : 21|32|947
0970(2482.69) : 66|30|904
0980(2508.23) : 39|30|931
0990(2534.11) : 48|22|930
1000(2560.17) : 20|30|950
