$ python match.py -r nn -ra /tmp/Pong/DeepQ_replay_many/ -ne 1000 --all_versions

0001(0.00) : 624|9|367
0002(30.77) : 658|0|342
0003(65.89) : 311|10|679
0004(107.90) : 201|19|780
0005(163.42) : 39|24|937
0006(232.75) : 16|23|961
0007(301.25) : 56|17|927
0008(371.46) : 116|16|868
0009(447.64) : 41|25|934
0010(522.91) : 25|25|950
0011(606.25) : 25|12|963
0012(678.49) : 29|17|954
0013(768.51) : 19|11|970
0014(861.42) : 5|14|981
0015(940.19) : 5|17|978
0016(1026.24) : 15|11|974
0017(1105.52) : 7|10|983
0018(1179.13) : 41|10|949
0019(1246.72) : 38|13|949
0020(1315.15) : 6|10|984
0021(1384.25) : 93|3|904
0022(1448.57) : 40|5|955
0023(1515.86) : 23|14|963
0024(1587.98) : 13|9|978
0025(1658.45) : 17|6|977
0026(1726.24) : 24|1|975
0027(1796.84) : 42|9|949
0028(1868.13) : 107|4|889
0029(1936.26) : 89|7|904
0030(2007.57) : 118|12|870
0031(2077.47) : 36|8|956
0032(2159.92) : 27|6|967
0033(2236.02) : 20|6|974
0034(2308.45) : 24|8|968
0035(2380.60) : 55|10|935
0036(2451.39) : 55|7|938
0037(2528.66) : 114|1|885
0038(2602.35) : 37|1|962
0039(2677.51) : 28|10|962
0040(2756.07) : 43|3|954
0041(2836.26) : 6|6|988
0042(2911.36) : 12|5|983
