$ python match.py -r nn -ra /tmp/Pong/DeepQ_Deepmind_full/ -ne 1000 --all_versions

1000(0.00) : 728|5|267
2000(1131.80) : 518|8|474
3000(2676.77) : 172|7|821
4000(4704.65) : 229|11|760
5000(8346.00) : 97|24|879
6000(14851.37) : 84|7|909
7000(23495.77) : 45|6|949
8000(31564.26) : 15|3|982
9000(39428.79) : 195|2|803
10000(47111.61) : 55|10|935
11000(55820.61) : 99|20|881
12000(63187.80) : 400|18|582
13000(71038.20) : 111|10|879
14000(78592.45) : 289|8|703
15000(86584.16) : 250|34|716
16000(94223.26) : 594|12|394
17000(101255.17) : 456|5|539
18000(108877.28) : 239|8|753
19000(116608.13) : 387|6|607
20000(124465.08) : 420|45|535
21000(132621.19) : 171|15|814
22000(140084.75) : 473|14|513
23000(148185.99) : 262|16|722
24000(156391.92) : 236|15|749
25000(164436.10) : 329|18|653
26000(173082.72) : 267|39|694
27000(181491.98) : 249|39|712
28000(189669.15) : 403|11|586
29000(196895.65) : 265|22|713
30000(206616.24) : 292|14|694
31000(215118.07) : 327|16|657
32000(223903.47) : 211|18|771
