$ python match.py -r nn -ra /tmp/Pong/DeepValueIteration_random/ -ne 1000 --all_versions

0010(0.00) : 933|5|62
0020(21.26) : 932|8|60
0030(41.66) : 786|12|202
0040(62.87) : 899|10|91
0050(84.13) : 733|5|262
0060(104.66) : 471|9|520
0070(124.83) : 449|19|532
0080(145.05) : 207|18|775
0090(165.28) : 380|13|607
0100(185.44) : 252|10|738
0110(205.55) : 217|11|772
0120(226.06) : 164|14|822
0130(246.45) : 150|12|838
0140(266.71) : 258|8|734
0150(287.08) : 222|9|769
0160(307.20) : 161|10|829
0170(327.64) : 115|6|879
0180(347.81) : 124|12|864
0190(368.12) : 184|16|800
0200(388.57) : 163|9|828
0210(408.79) : 182|13|805
0220(429.34) : 130|15|855
0230(449.65) : 126|14|860
0240(470.05) : 86|14|900
0250(490.22) : 79|23|898
0260(510.62) : 97|20|883
0270(530.71) : 119|25|856
0280(550.89) : 106|22|872
0290(571.03) : 135|27|838
0300(591.42) : 131|13|856
0310(611.83) : 152|18|830
0320(632.67) : 103|19|878
0330(653.68) : 80|14|906
0340(674.09) : 54|18|928
0350(694.29) : 55|13|932
0360(714.71) : 160|14|826
0370(735.01) : 71|21|908
0380(756.15) : 34|27|939
0390(777.14) : 88|18|894
0400(799.83) : 60|25|915
0410(821.48) : 48|12|940
0420(842.39) : 115|17|868
0430(863.30) : 39|15|946
0440(884.99) : 32|23|945
0450(906.48) : 9|18|973
0460(928.58) : 17|15|968
0470(949.21) : 11|20|969
0480(969.73) : 5|16|979
0490(990.55) : 6|15|979
0500(1011.54) : 17|37|946
0510(1032.45) : 58|30|912
0520(1052.69) : 15|32|953
0530(1073.76) : 35|19|946
0540(1094.74) : 39|35|926
0550(1115.58) : 5|37|958
0560(1136.05) : 38|37|925
0570(1156.92) : 4|22|974
0580(1177.34) : 8|45|947
0590(1197.68) : 2|14|984
0600(1218.06) : 3|13|984
0610(1238.16) : 34|27|939
0620(1258.78) : 33|31|936
0630(1279.87) : 4|23|973
0640(1300.36) : 4|18|978
0650(1320.87) : 95|26|879
0660(1341.24) : 45|29|926
0670(1361.60) : 71|17|912
0680(1381.88) : 10|19|971
0690(1402.11) : 22|17|961
0700(1422.67) : 52|17|931
0710(1443.09) : 39|15|946
0720(1463.49) : 48|22|930
0730(1483.88) : 55|15|930
0740(1503.95) : 38|19|943
0750(1524.18) : 25|17|958
0760(1544.46) : 17|21|962
0770(1564.91) : 28|23|949
0780(1585.18) : 31|18|951
0790(1605.74) : 40|19|941
0800(1625.61) : 87|27|886
0810(1645.81) : 72|20|908
0820(1665.83) : 19|22|959
0830(1685.80) : 73|21|906
0840(1705.75) : 76|22|902
0850(1725.68) : 14|14|972
0860(1745.60) : 6|17|977
0870(1765.60) : 23|22|955
0880(1785.82) : 15|19|966
0890(1805.94) : 5|15|980
0900(1825.98) : 9|21|970
0910(1845.97) : 9|18|973
0920(1866.03) : 49|13|938
0930(1886.26) : 9|30|961
0940(1906.19) : 13|18|969
0950(1926.20) : 9|11|980
0960(1946.23) : 12|17|971
0970(1966.23) : 2|13|985
0980(1986.30) : 7|25|968
0990(2006.51) : 45|20|935
1000(2026.73) : 46|11|943
