$ python match.py -r nn -ra /tmp/Pong/DeepP/ -ne 1000 --all_versions

0001(0.00) : 666|9|325
0002(71.37) : 176|11|813
0003(152.32) : 127|8|865
0004(237.84) : 137|27|836
0005(322.80) : 174|14|812
0006(410.13) : 64|14|922
0007(498.13) : 175|7|818
0008(581.90) : 128|19|853
0009(670.10) : 182|8|810
0010(760.85) : 158|14|828
0011(849.19) : 86|10|904
0012(934.69) : 220|8|772
0013(1018.18) : 115|10|875
0014(1101.97) : 186|1|813
0015(1181.14) : 136|9|855
0016(1267.49) : 145|11|844
0017(1352.74) : 129|7|864
0018(1440.98) : 168|14|818
0019(1524.43) : 231|14|755
0020(1611.57) : 54|10|936
0021(1698.43) : 83|20|897
0022(1789.10) : 152|9|839
0023(1873.77) : 169|13|818
0024(1957.94) : 184|5|811
0025(2051.57) : 183|13|804
0026(2155.38) : 505|12|483
0027(2254.33) : 149|9|842
0028(2363.94) : 99|9|892
0029(2473.82) : 136|9|855
0030(2581.80) : 218|13|769
0031(2686.23) : 116|20|864
0032(2800.25) : 177|12|811
0033(2890.87) : 202|9|789
0034(2974.83) : 202|12|786
0035(3061.84) : 89|13|898
0036(3152.96) : 313|7|680
