$ python match.py -r nn -ra /tmp/Pong/DeepP_self/ -ne 1000 --all_versions

0001(0.00) : 484|13|503
0002(83.30) : 510|4|486
0003(174.09) : 368|19|613
0004(271.24) : 172|5|823
0005(379.54) : 329|9|662
0006(485.41) : 303|14|683
0007(580.32) : 284|13|703
0008(678.49) : 336|8|656
0009(765.40) : 299|12|689
0010(868.96) : 167|17|816
0011(973.74) : 256|5|739
0012(1075.36) : 521|2|477
0013(1170.13) : 180|8|812
0014(1264.01) : 122|12|866
0015(1364.23) : 436|8|556
0016(1456.34) : 328|18|654
0017(1562.48) : 328|14|658
0018(1665.02) : 237|11|752
0019(1765.36) : 317|7|676
0020(1872.32) : 854|4|142
0021(1945.33) : 854|7|139
0022(2022.92) : 339|21|640
0023(2126.37) : 322|6|672
0024(2218.37) : 244|18|738
0025(2312.52) : 423|14|563
0026(2406.05) : 363|19|618
0027(2509.01) : 157|11|832
0028(2598.82) : 308|6|686
0029(2687.13) : 366|9|625
0030(2778.88) : 175|14|811
0031(2878.81) : 229|11|760
0032(2973.29) : 226|14|760
0033(3072.57) : 172|18|810
0034(3178.01) : 288|12|700
0035(3277.63) : 365|13|622
