$ python match.py -r nn -ra /tmp/Pong/DeepValueIteration/ -ne 1000 --all_versions

0010(0.00) : 952|5|43
0020(21.41) : 663|14|323
0030(42.81) : 816|2|182
0040(64.48) : 519|5|476
0050(85.76) : 398|3|599
0060(107.59) : 539|16|445
0070(129.35) : 483|15|502
0080(151.30) : 375|20|605
0090(173.05) : 373|10|617
0100(194.88) : 313|14|673
0110(216.78) : 217|17|766
0120(238.59) : 308|13|679
0130(260.03) : 221|15|764
0140(281.29) : 188|6|806
0150(302.54) : 105|19|876
0160(323.84) : 232|12|756
0170(345.08) : 323|12|665
0180(366.33) : 387|10|603
0190(387.58) : 411|16|573
0200(409.32) : 444|10|546
0210(431.08) : 436|16|548
0220(452.97) : 420|10|570
0230(474.89) : 220|19|761
0240(496.46) : 107|13|880
0250(517.71) : 230|21|749
0260(538.96) : 110|26|864
0270(560.21) : 103|20|877
0280(581.49) : 163|15|822
0290(602.74) : 143|21|836
0300(624.24) : 129|10|861
0310(646.14) : 68|17|915
0320(668.14) : 62|17|921
0330(690.12) : 69|15|916
0340(711.38) : 45|15|940
0350(732.70) : 23|23|954
0360(753.96) : 24|8|968
0370(775.19) : 38|10|952
0380(796.47) : 18|19|963
0390(817.70) : 40|21|939
0400(838.95) : 57|11|932
0410(860.20) : 9|23|968
0420(881.44) : 6|14|980
0430(902.71) : 13|26|961
0440(923.97) : 8|13|979
0450(945.21) : 8|25|967
0460(966.55) : 10|15|975
0470(988.61) : 41|15|944
0480(1010.55) : 40|18|942
0490(1032.62) : 10|16|974
0500(1053.95) : 9|13|978
0510(1075.20) : 11|13|976
0520(1096.49) : 12|15|973
0530(1117.75) : 12|9|979
0540(1139.00) : 21|25|954
0550(1160.25) : 11|20|969
0560(1181.58) : 4|10|986
0570(1203.57) : 11|17|972
0580(1225.13) : 3|25|972
0590(1246.75) : 6|10|984
0600(1268.28) : 11|19|970
0610(1289.94) : 11|22|967
0620(1311.72) : 5|11|984
0630(1333.52) : 26|10|964
0640(1355.44) : 8|22|970
0650(1377.05) : 6|13|981
0660(1398.60) : 7|20|973
0670(1420.37) : 3|17|980
0680(1441.95) : 62|13|925
0690(1463.78) : 3|11|986
0700(1485.38) : 14|18|968
0710(1507.13) : 2|20|978
0720(1528.87) : 8|16|976
0730(1550.60) : 6|13|981
0740(1572.32) : 1|18|981
0750(1594.30) : 51|16|933
0760(1616.07) : 70|15|915
0770(1637.84) : 3|16|981
0780(1659.62) : 2|16|982
0790(1681.10) : 9|16|975
0800(1702.79) : 9|10|981
0810(1724.45) : 7|21|972
0820(1746.17) : 4|16|980
0830(1768.03) : 2|15|983
0840(1789.31) : 29|21|950
0850(1810.59) : 6|17|977
0860(1831.88) : 13|9|978
0870(1853.13) : 5|11|984
0880(1874.37) : 14|19|967
0890(1896.27) : 17|24|959
0900(1917.53) : 31|25|944
0910(1938.79) : 8|15|977
0920(1960.04) : 17|19|964
0930(1981.23) : 33|24|943
0940(2002.47) : 15|14|971
0950(2023.73) : 0|14|986
0960(2044.98) : 10|22|968
0970(2066.23) : 16|23|961
0980(2087.53) : 47|19|934
0990(2108.83) : 75|16|909
1000(2130.80) : 106|15|879
