$ python match.py -r nn -ra /tmp/Pong/DeepQ/ -ne 1000 --all_versions

0001(0.00) : 739|6|255
0002(23.81) : 695|1|304
0003(48.06) : 606|2|392
0004(74.45) : 231|17|752
0005(113.20) : 35|16|949
0006(180.03) : 159|9|832
0007(251.15) : 159|11|830
0008(312.70) : 152|8|840
0009(387.89) : 59|13|928
0010(471.72) : 99|9|892
0011(552.62) : 77|13|910
0012(636.67) : 101|11|888
0013(725.43) : 80|10|910
0014(821.76) : 57|11|932
0015(918.87) : 81|24|895
0016(1020.63) : 48|8|944
0017(1120.79) : 103|7|890
0018(1213.11) : 54|10|936
0019(1310.43) : 236|11|753
0020(1398.76) : 74|9|917
0021(1495.39) : 92|10|898
0022(1598.21) : 79|6|915
0023(1710.30) : 50|17|933
0024(1827.67) : 56|10|934
0025(1940.33) : 35|12|953
0026(2068.61) : 27|18|955
0027(2203.42) : 10|10|980
0028(2342.02) : 34|12|954
0029(2476.63) : 67|9|924
0030(2608.43) : 40|17|943
0031(2764.22) : 66|16|918
0032(2915.84) : 64|31|905
0033(3082.53) : 2|45|953
0034(3272.88) : 28|40|932
0035(3462.70) : 16|41|943
0036(3660.49) : 32|33|935
