$ python match.py -r nn -ra /tmp/Pong/DeepValueIteration_self/ -ne 1000 --all_versions

0010(0.00) : 923|8|69
0020(129.69) : 741|11|248
0030(273.56) : 591|8|401
0040(419.83) : 279|20|701
0050(550.25) : 436|8|556
0060(680.07) : 388|14|598
0070(809.92) : 370|16|614
0080(939.34) : 397|23|580
0090(1068.82) : 367|18|615
0100(1198.47) : 400|9|591
0110(1330.72) : 263|15|722
0120(1461.81) : 378|9|613
0130(1591.40) : 359|13|628
0140(1721.76) : 329|15|656
0150(1852.13) : 221|25|754
0160(1987.41) : 397|13|590
0170(2124.76) : 335|12|653
0180(2258.80) : 329|14|657
0190(2402.16) : 230|14|756
0200(2539.21) : 212|13|775
0210(2670.27) : 300|13|687
0220(2809.38) : 173|16|811
0230(2945.81) : 286|11|703
0240(3092.79) : 179|40|781
0250(3271.90) : 341|30|629
0260(3456.86) : 200|20|780
0270(3637.87) : 74|43|883
0280(3819.02) : 173|21|806
0290(3999.53) : 216|15|769
0300(4177.90) : 238|11|751
0310(4325.46) : 192|14|794
0320(4453.25) : 256|20|724
0330(4580.22) : 243|21|736
0340(4707.42) : 135|22|843
0350(4835.33) : 112|23|865
0360(4962.87) : 112|15|873
0370(5090.69) : 153|18|829
0380(5219.72) : 189|11|800
0390(5347.57) : 265|19|716
0400(5477.10) : 55|11|934
0410(5607.10) : 331|8|661
0420(5736.61) : 370|22|608
0430(5865.62) : 65|12|923
0440(5993.65) : 125|19|856
0450(6123.04) : 67|20|913
0460(6251.56) : 94|22|884
0470(6380.83) : 229|18|753
0480(6508.75) : 83|19|898
0490(6639.64) : 140|9|851
0500(6768.82) : 201|15|784
0510(6897.38) : 53|10|937
0520(7034.78) : 337|11|652
0530(7167.85) : 331|7|662
0540(7304.94) : 135|20|845
0550(7448.42) : 87|23|890
0560(7618.58) : 139|18|843
0570(7779.08) : 211|15|774
0580(7947.61) : 55|26|919
0590(8110.92) : 72|22|906
0600(8280.83) : 119|16|865
0610(8448.07) : 196|20|784
0620(8617.28) : 421|10|569
0630(8787.61) : 488|15|497
0640(8953.02) : 517|25|458
0650(9122.25) : 308|16|676
0660(9290.94) : 317|20|663
0670(9459.59) : 362|13|625
0680(9629.76) : 266|17|717
0690(9793.13) : 301|22|677
0700(9956.78) : 359|24|617
0710(10119.67) : 295|19|686
0720(10279.60) : 257|14|729
0730(10438.54) : 307|18|675
0740(10584.19) : 300|22|678
0750(10711.22) : 338|15|647
0760(10838.74) : 401|34|565
0770(10966.58) : 363|19|618
0780(11094.04) : 391|21|588
0790(11221.63) : 340|16|644
0800(11348.74) : 505|16|479
0810(11476.98) : 405|18|577
0820(11603.99) : 447|18|535
0830(11731.64) : 270|18|712
0840(11859.23) : 312|30|658
0850(11986.87) : 472|16|512
0860(12114.19) : 567|16|417
0870(12241.14) : 615|16|369
0880(12368.51) : 339|31|630
0890(12495.22) : 464|19|517
0900(12622.60) : 509|15|476
0910(12750.72) : 692|13|295
0920(12878.29) : 459|7|534
0930(13006.36) : 556|12|432
0940(13133.97) : 502|15|483
0950(13261.36) : 552|14|434
0960(13388.88) : 534|20|446
0970(13516.00) : 629|14|357
0980(13643.69) : 424|12|564
0990(13771.94) : 408|18|574
1000(13899.15) : 252|26|722
