$ python match.py -r nn -ra /tmp/Pong/DeepQ_noreplay/ -ne 1000 --all_versions

0001(0.00) : 952|7|41
0002(18.35) : 904|0|96
0003(37.55) : 808|6|186
0004(61.17) : 736|5|259
0005(83.43) : 743|8|249
0006(110.60) : 744|5|251
0007(140.38) : 710|6|284
0008(174.15) : 675|7|318
0009(206.87) : 641|3|356
0010(238.61) : 639|1|360
0011(269.11) : 528|6|466
0012(302.74) : 556|1|443
0013(333.95) : 599|5|396
0014(365.72) : 515|3|482
0015(400.81) : 488|4|508
0016(437.18) : 420|6|574
0017(476.55) : 378|11|611
0018(521.83) : 300|18|682
0019(572.50) : 167|19|814
0020(627.75) : 137|22|841
0021(679.87) : 128|7|865
0022(732.38) : 75|24|901
0023(784.67) : 90|16|894
0024(839.25) : 118|14|868
0025(889.97) : 85|8|907
0026(938.25) : 33|18|949
0027(986.25) : 122|11|867
0028(1033.08) : 241|14|745
0029(1078.16) : 104|9|887
0030(1124.27) : 68|15|917
0031(1173.55) : 139|8|853
0032(1220.47) : 90|16|894
0033(1271.24) : 97|14|889
0034(1320.73) : 198|16|786
0035(1366.84) : 122|18|860
0036(1420.84) : 204|16|780
0037(1471.33) : 161|15|824
0038(1517.44) : 155|12|833
0039(1567.55) : 162|16|822
0040(1618.85) : 647|9|344
0041(1648.11) : 628|8|364
0042(1683.09) : 529|6|465
0043(1721.71) : 399|0|601
0044(1759.01) : 394|6|600
0045(1793.63) : 283|6|711
0046(1837.64) : 180|6|814
0047(1879.75) : 185|3|812
0048(1926.31) : 175|11|814
0049(1967.95) : 224|14|762
0050(2014.92) : 217|14|769
0051(2061.35) : 286|14|700
0052(2105.17) : 247|9|744
0053(2149.11) : 248|6|746
0054(2198.03) : 196|14|790
0055(2249.33) : 216|5|779
0056(2296.22) : 191|16|793
0057(2343.31) : 204|10|786
