$ python match.py -r nn -ra /tmp/Pong/DoubleDeepQ/ -ne 1000 --all_versions

0001(0.00) : 736|1|263
0002(44.90) : 672|4|324
0003(91.97) : 508|8|484
0004(148.54) : 152|15|833
0005(220.90) : 62|28|910
0006(309.26) : 52|46|902
0007(416.41) : 128|25|847
0008(510.04) : 57|40|903
0009(609.03) : 86|47|867
0010(710.19) : 89|74|837
0011(812.23) : 193|17|790
0012(900.63) : 190|24|786
0013(996.17) : 186|4|810
0014(1081.99) : 184|12|804
0015(1178.74) : 45|13|942
0016(1279.12) : 38|23|939
0017(1390.40) : 15|19|966
0018(1517.99) : 69|11|920
0019(1630.86) : 175|5|820
0020(1724.37) : 63|3|934
0021(1823.48) : 74|4|922
0022(1914.33) : 49|6|945
0023(2007.56) : 152|4|844
0024(2096.56) : 41|1|958
0025(2187.88) : 162|4|834
0026(2277.39) : 165|10|825
0027(2368.92) : 140|1|859
0028(2459.29) : 200|4|796
0029(2550.00) : 245|5|750
0030(2645.68) : 437|5|558
0031(2740.40) : 257|8|735
0032(2843.97) : 389|6|605
0033(2944.80) : 376|5|619
0034(3047.26) : 166|11|823
0035(3156.67) : 324|8|668
0036(3259.34) : 166|9|825
0037(3369.72) : 59|9|932
0038(3487.35) : 240|10|750
0039(3603.08) : 224|4|772
