$ python match.py -r nn -ra /tmp/Pong/PolicyGradient/ -ne 1000 --all_versions

0100(0.00) : 756|6|238
0200(4157.96) : 716|17|267
0300(9539.72) : 354|13|633
0400(15855.56) : 293|12|695
0500(22444.95) : 201|15|784
0600(29127.65) : 217|11|772
0700(35907.64) : 160|5|835
0800(42711.05) : 148|5|847
0900(49570.09) : 165|9|826
1000(56496.74) : 127|15|858
1100(63348.11) : 136|6|858
1200(70135.79) : 135|7|858
1300(76881.34) : 135|13|852
1400(83656.20) : 117|7|876
1500(90446.14) : 144|5|851
1600(97235.52) : 149|12|839
1700(103927.02) : 125|12|863
1800(110632.67) : 129|7|864
1900(117410.41) : 174|7|819
2000(124245.36) : 101|18|881
2100(130994.24) : 107|12|881
2200(137805.67) : 124|10|866
2300(144670.40) : 120|14|866
2400(151398.43) : 116|8|876
2500(157996.97) : 161|10|829
2600(164785.91) : 104|19|877
2700(171526.37) : 136|16|848
2800(178153.43) : 130|6|864
2900(184788.31) : 99|12|889
3000(191374.95) : 117|9|874
3100(197805.60) : 120|6|874
3200(204494.51) : 102|15|883
3300(211192.27) : 112|12|876
3400(217774.00) : 100|14|886
3500(224374.49) : 90|11|899

