$ python match.py -r nn -ra /tmp/Pong/PolicyGradient_self/ -ne 1000 --all_versions

0100(0.00) : 439|14|547
0200(6474.03) : 632|7|361
0300(14204.57) : 683|6|311
0400(22474.18) : 773|5|222
0500(31953.05) : 630|6|364
0600(41454.33) : 584|4|412
0700(50977.60) : 569|4|427
0800(60760.47) : 558|7|435
0900(70472.94) : 548|8|444
1000(80230.00) : 511|4|485
1100(89996.26) : 524|5|471
1200(100072.41) : 599|6|395
1300(110102.98) : 522|5|473
1400(119856.18) : 516|3|481
1500(129670.96) : 526|5|469
1600(139378.39) : 585|9|406
1700(149438.22) : 659|2|339
1800(159430.05) : 552|5|443
1900(169274.09) : 592|4|404
2000(178937.92) : 578|6|416
2100(188857.41) : 632|3|365
2200(198643.10) : 605|8|387
2300(208487.84) : 617|9|374
2400(218735.23) : 668|6|326
2500(228635.28) : 654|2|344
2600(238723.31) : 651|2|347
2700(248640.31) : 622|3|375
2800(258542.04) : 742|10|248
2900(269209.28) : 692|7|301
3000(279250.66) : 661|3|336
3100(289283.48) : 745|5|250
3200(299531.03) : 744|7|249
3300(309958.64) : 726|2|272
3400(320210.74) : 709|2|289
3500(330174.76) : 675|4|321
3600(340343.54) : 671|7|322

