$ python match.py -r nn -ra /tmp/Pong/SuccessLearningCritic_self/ -ne 1000 --all_versions

0001(0.00) : 372|11|617
0002(130.00) : 632|5|363
0003(272.87) : 260|19|721
0004(411.99) : 234|20|746
0005(552.53) : 397|4|599
0006(681.20) : 512|8|480
0007(797.98) : 183|9|808
0008(948.38) : 181|12|807
0009(1103.20) : 179|16|805
0010(1248.45) : 264|13|723
0011(1387.35) : 226|19|755
0012(1535.54) : 200|9|791
0013(1672.63) : 280|15|705
0014(1800.43) : 275|9|716
0015(1937.72) : 275|10|715
0016(2092.21) : 294|10|696
0017(2237.01) : 269|20|711
0018(2386.60) : 317|17|666
0019(2516.81) : 352|7|641
0020(2641.85) : 426|9|565
0021(2766.76) : 226|17|757
0022(2906.64) : 291|19|690
0023(3051.67) : 375|12|613
0024(3186.88) : 573|9|418
0025(3295.24) : 528|12|460
0026(3420.53) : 551|10|439
0027(3527.70) : 589|6|405
0028(3637.95) : 787|3|210
0029(3718.76) : 531|7|462
0030(3835.30) : 288|13|699
0031(3970.44) : 279|13|708
0032(4091.53) : 576|21|403
0033(4213.26) : 359|15|626
0034(4357.95) : 212|12|776
0035(4492.59) : 274|11|715
0036(4627.41) : 241|8|751
0037(4757.25) : 198|14|788
0038(4893.24) : 267|12|721
0039(5023.18) : 225|13|762
0040(5160.67) : 255|9|736
0041(5290.45) : 248|12|740
0042(5419.02) : 196|11|793
0043(5565.47) : 249|13|738
0044(5706.24) : 379|13|608
0045(5841.11) : 305|17|678
0046(5982.45) : 255|12|733
0047(6124.45) : 298|20|682
0048(6276.27) : 336|16|648
0049(6408.21) : 475|13|512
0050(6537.34) : 320|12|668
0051(6681.61) : 453|7|540
0052(6813.53) : 665|6|329
0053(6922.34) : 569|24|407
0054(7040.38) : 382|13|605
0055(7183.89) : 369|17|614
0056(7316.62) : 240|23|737
0057(7449.11) : 358|10|632
0058(7597.51) : 408|4|588
0059(7724.37) : 314|9|677
0060(7859.85) : 253|14|733
0061(8004.57) : 309|9|682
0062(8125.74) : 305|19|676
0063(8234.84) : 191|11|798
0064(8359.44) : 190|16|794
0065(8502.85) : 245|15|740
0066(8646.42) : 279|11|710
0067(8790.56) : 332|8|660
0068(8929.93) : 484|15|501
0069(9068.67) : 373|16|611
0070(9206.34) : 386|6|608
0071(9348.71) : 512|8|480
0072(9477.45) : 543|4|453
0073(9606.41) : 497|4|499
0074(9736.27) : 500|5|495
0075(9862.12) : 506|3|491
0076(9993.51) : 590|9|401
0077(10108.88) : 519|10|471
0078(10231.15) : 507|5|488
0079(10359.60) : 623|8|369
0080(10478.74) : 581|10|409
0081(10582.86) : 763|3|234
0082(10689.54) : 627|3|370
0083(10800.14) : 568|1|431
0084(10922.41) : 268|8|724
0085(11044.29) : 350|8|642
0086(11179.88) : 312|23|665
0087(11313.41) : 478|25|497
0088(11442.65) : 331|12|657
0089(11575.80) : 255|12|733
0090(11712.77) : 254|11|735
0091(11853.06) : 179|9|812
0092(11999.03) : 169|9|822
0093(12141.75) : 174|17|809
0094(12282.68) : 202|14|784

