$ python match.py -r nn -ra /tmp/Pong/SuccessLearning_self/ -ne 1000 --all_versions

0001(0.00) : 709|8|283
0002(21.01) : 834|4|162
0003(44.73) : 539|11|450
0004(72.89) : 519|11|470
0005(106.81) : 338|15|647
0006(148.52) : 229|11|760
0007(198.63) : 274|10|716
0008(251.08) : 266|13|721
0009(311.99) : 267|7|726
0010(376.12) : 265|13|722
0011(442.86) : 279|11|710
0012(507.46) : 285|10|705
0013(578.17) : 293|5|702
0014(653.38) : 233|10|757
0015(729.55) : 212|12|776
0016(822.37) : 210|9|781
0017(915.59) : 241|8|751
0018(1004.72) : 251|11|738
0019(1087.69) : 249|6|745
0020(1171.17) : 246|18|736
0021(1256.88) : 254|5|741
0022(1343.18) : 296|9|695
0023(1427.33) : 263|9|728
0024(1509.74) : 236|11|753
0025(1592.72) : 231|8|761
0026(1675.68) : 253|11|736
0027(1767.54) : 258|11|731
0028(1864.30) : 219|7|774
0029(1964.92) : 216|10|774
0030(2066.28) : 220|10|770
0031(2161.41) : 240|7|753
0032(2266.09) : 248|15|737
0033(2367.57) : 235|12|753
0034(2473.02) : 235|10|755
0035(2566.67) : 219|15|766
0036(2663.41) : 212|12|776
0037(2764.58) : 223|10|767
0038(2868.60) : 212|12|776
0039(2974.15) : 247|9|744
0040(3076.98) : 251|8|741
0041(3184.72) : 232|6|762
0042(3296.10) : 182|16|802
0043(3407.95) : 186|6|808
0044(3511.90) : 188|11|801
0045(3617.58) : 190|6|804
0046(3724.19) : 206|7|787
0047(3824.45) : 180|5|815
0048(3925.22) : 227|5|768
0049(4029.79) : 226|5|769
0050(4139.32) : 284|7|709
0051(4240.04) : 214|11|775
0052(4348.12) : 215|12|773
