$ python match.py -r nn -ra /tmp/Pong/SuccessLearningCritic/ -ne 1000 --all_versions

0001(0.00) : 745|8|247
0002(103.16) : 363|11|626
0003(230.40) : 220|16|764
0004(359.51) : 220|17|763
0005(488.92) : 213|15|772
0006(623.18) : 206|22|772
0007(758.41) : 204|19|777
0008(888.72) : 294|11|695
0009(1016.30) : 158|13|829
0010(1146.39) : 242|10|748
0011(1277.28) : 169|11|820
0012(1419.85) : 190|8|802
0013(1559.27) : 102|11|887
0014(1704.57) : 201|10|789
0015(1845.16) : 205|15|780
0016(1984.41) : 255|12|733
0017(2109.11) : 175|11|814
0018(2249.07) : 151|9|840
0019(2381.91) : 63|21|916
0020(2512.07) : 97|16|887
0021(2649.90) : 141|18|841
0022(2782.52) : 67|10|923
0023(2921.52) : 113|13|874
0024(3055.34) : 133|11|856
0025(3187.07) : 101|7|892
0026(3306.27) : 173|10|817
0027(3453.25) : 192|11|797
0028(3587.67) : 175|7|818
0029(3741.07) : 173|7|820
0030(3886.78) : 165|19|816
0031(4006.54) : 194|13|793
0032(4119.40) : 71|10|919
0033(4240.47) : 69|13|918
