$ python match.py -r nn -ra /tmp/Pong/SuccessLearning/ -ne 1000 --all_versions

0001(0.00) : 841|0|159
0002(30.85) : 771|1|228
0003(71.51) : 749|3|248
0004(112.34) : 732|3|265
0005(159.55) : 672|2|326
0006(207.11) : 596|3|401
0007(252.33) : 502|9|489
0008(303.08) : 556|11|433
0009(356.74) : 497|12|491
0010(410.39) : 343|9|648
0011(468.70) : 392|5|603
0012(526.76) : 312|2|686
0013(587.73) : 381|6|613
0014(647.49) : 372|9|619
0015(710.52) : 253|6|741
0016(777.15) : 253|9|738
0017(846.38) : 220|7|773
0018(915.20) : 149|14|837
0019(983.56) : 176|10|814
0020(1051.04) : 169|13|818
0021(1119.66) : 205|14|781
0022(1190.87) : 118|13|869
0023(1260.57) : 173|11|816
0024(1328.64) : 180|11|809
0025(1398.72) : 217|13|770
0026(1471.31) : 241|8|751
0027(1542.45) : 220|10|770
0028(1612.72) : 232|10|758
0029(1684.81) : 220|7|773
0030(1756.44) : 208|12|780
0031(1830.32) : 162|17|821
0032(1903.21) : 110|11|879
0033(1975.34) : 115|10|875
0034(2049.26) : 136|12|852
0035(2125.70) : 78|16|906
0036(2197.81) : 111|8|881
0037(2271.79) : 130|10|860
0038(2345.93) : 109|11|880
0039(2416.95) : 116|16|868
0040(2487.52) : 209|9|782
0041(2559.38) : 191|12|797
0042(2630.00) : 234|9|757
0043(2699.09) : 183|12|805
0044(2768.92) : 210|14|776
0045(2839.27) : 114|3|883
0046(2912.19) : 140|9|851
0047(2985.17) : 75|8|917
0048(3059.03) : 34|11|955
0049(3133.08) : 63|11|926
0050(3206.42) : 79|5|916
0051(3279.99) : 113|10|877
0052(3351.65) : 86|9|905
0053(3425.34) : 99|10|891
0054(3498.47) : 88|6|906
0055(3572.59) : 73|3|924
0056(3645.80) : 69|9|922
0057(3718.73) : 59|11|930
0058(3791.35) : 80|10|910
0059(3866.76) : 105|11|884
0060(3938.50) : 71|5|924
0061(4013.19) : 75|8|917
0062(4082.74) : 89|6|905
0063(4154.48) : 118|5|877
0064(4226.84) : 128|9|863
0065(4298.64) : 107|8|885
0066(4369.77) : 121|9|870
0067(4439.26) : 157|7|836
0068(4508.00) : 131|12|857
0069(4577.60) : 116|6|878
0070(4649.22) : 136|9|855
0071(4720.19) : 132|11|857
0072(4788.08) : 140|5|855
0073(4858.34) : 113|8|879
0074(4932.63) : 91|7|902
0075(5003.33) : 67|12|921
0076(5076.27) : 73|10|917
0077(5147.56) : 85|3|912
0078(5220.00) : 100|10|890
0079(5294.96) : 65|10|925
0080(5366.67) : 84|8|908
0081(5438.84) : 82|12|906
0082(5509.23) : 89|7|904
0083(5579.78) : 70|7|923
0084(5651.57) : 44|13|943
0085(5725.10) : 43|12|945
0086(5798.12) : 58|8|934
0087(5870.79) : 57|10|933
0088(5945.05) : 67|16|917
0089(6019.48) : 55|4|941
0090(6089.92) : 82|10|908
0091(6162.57) : 59|6|935
0092(6232.75) : 24|7|969
0093(6306.48) : 35|12|953
0094(6380.20) : 78|11|911
0095(6450.74) : 74|10|916
0096(6522.62) : 60|14|926
0097(6591.00) : 76|7|917
0098(6657.54) : 75|10|915
0099(6728.29) : 70|12|918
0100(6800.77) : 78|11|911
0101(6868.88) : 70|8|922
0102(6939.85) : 109|6|885
0103(7010.53) : 91|8|901
0104(7080.23) : 76|13|911
0105(7150.95) : 60|16|924
0106(7222.66) : 49|7|944
0107(7294.11) : 41|12|947
0108(7364.87) : 38|6|956
0109(7435.84) : 33|7|960
0110(7508.89) : 44|7|949
0111(7578.42) : 64|4|932
0112(7648.71) : 36|4|960
0113(7720.57) : 18|8|974
0114(7792.61) : 36|10|954
0115(7861.55) : 25|10|965
0116(7932.08) : 36|10|954
0117(8002.40) : 23|10|967
0118(8074.56) : 22|8|970
0119(8147.12) : 25|11|964
0120(8215.29) : 34|7|959
0121(8284.79) : 27|5|968
0122(8354.79) : 32|5|963
0123(8426.62) : 42|5|953
0124(8496.36) : 29|2|969
0125(8569.41) : 47|5|948
0126(8641.96) : 70|14|916
0127(8711.31) : 41|5|954
0128(8783.28) : 50|10|940
0129(8854.80) : 44|8|948
0130(8924.59) : 32|11|957
0131(8999.62) : 23|7|970
0132(9070.34) : 29|6|965
0133(9144.32) : 60|10|930
0134(9213.93) : 50|10|940
0135(9282.73) : 61|7|932
0136(9351.93) : 114|9|877
0137(9419.32) : 112|5|883
0138(9486.82) : 91|10|899
0139(9554.55) : 99|8|893
0140(9623.08) : 68|10|922
0141(9691.55) : 40|7|953
0142(9762.29) : 57|9|934
0143(9832.79) : 52|8|940
0144(9904.18) : 41|11|948
0145(9972.56) : 53|8|939
0146(10043.45) : 56|13|931
0147(10114.15) : 46|10|944
0148(10182.95) : 51|14|935
0149(10253.62) : 36|6|958
0150(10324.13) : 31|10|959
0151(10395.83) : 37|8|955
0152(10465.91) : 28|7|965
0153(10534.48) : 22|11|967
0154(10605.49) : 27|8|965
0155(10675.82) : 13|9|978
0156(10746.63) : 17|9|974
0157(10813.82) : 34|5|961
0158(10882.20) : 27|4|969
0159(10950.83) : 21|10|969
0160(11019.32) : 16|10|974
0161(11089.69) : 26|7|967
0162(11158.04) : 19|4|977
0163(11228.50) : 29|9|962
0164(11297.62) : 35|3|962
0165(11367.95) : 36|7|957
0166(11436.02) : 26|2|972
0167(11504.30) : 35|3|962
0168(11573.66) : 28|9|963
0169(11644.22) : 36|6|958
0170(11713.89) : 19|3|978
0171(11786.34) : 16|4|980
0172(11856.83) : 13|4|983
0173(11929.16) : 16|9|975
0174(11999.10) : 14|12|974
0175(12071.60) : 19|6|975
0176(12141.50) : 32|12|956
0177(12212.95) : 28|3|969

