0001 : 975|0|25
0002 : 975|0|25
0003 : 976|0|24
0004 : 971|0|29
0005 : 977|1|22
0006 : 967|2|31
0007 : 949|1|50
0008 : 959|2|39
0009 : 973|1|26
0010 : 957|1|42
0011 : 955|3|42
0012 : 952|0|48
0013 : 965|2|33
0014 : 968|0|32
0015 : 952|6|42
0016 : 947|1|52
0017 : 954|5|41
0018 : 952|2|46
0019 : 952|4|44
0020 : 954|4|42
0021 : 955|2|43
0022 : 964|0|36
0023 : 943|2|55
0024 : 944|3|53
0025 : 960|0|40
0026 : 931|2|67
0027 : 944|5|51
0028 : 968|1|31
0029 : 945|3|52
0030 : 951|3|46
0031 : 942|4|54
0032 : 933|2|65
0033 : 932|5|63
0034 : 960|1|39
0035 : 954|5|41
0036 : 951|5|44
0037 : 933|3|64
0038 : 946|4|50
0039 : 951|2|47
0040 : 939|3|58
0041 : 940|5|55
0042 : 936|1|63
0043 : 930|1|69
0044 : 933|5|62
0045 : 944|4|52
0046 : 947|8|45
0047 : 943|5|52
0048 : 936|1|63
0049 : 936|2|62
0050 : 927|3|70
0051 : 928|4|68
0052 : 929|4|67
0053 : 919|3|78
0054 : 922|1|77
0055 : 936|6|58
0056 : 951|3|46
0057 : 928|8|64
0058 : 940|2|58
0059 : 924|1|75
0060 : 938|6|56
0061 : 923|7|70
0062 : 924|1|75
0063 : 919|4|77
0064 : 923|3|74
0065 : 927|7|66
0066 : 929|3|68
0067 : 938|2|60
0068 : 906|12|82
0069 : 925|7|68
0070 : 929|5|66
0071 : 929|8|63
0072 : 927|8|65
0073 : 917|3|80
0074 : 920|9|71
0075 : 882|5|113
0076 : 908|5|87
0077 : 922|4|74
0078 : 902|7|91
0079 : 895|5|100
0080 : 914|6|80
0081 : 891|8|101
0082 : 895|11|94
0083 : 899|4|97
0084 : 898|5|97
0085 : 887|6|107
0086 : 910|11|79
0087 : 900|8|92
0088 : 925|4|71
0089 : 900|4|96
0090 : 915|7|78
0091 : 900|7|93
0092 : 880|7|113
0093 : 891|9|100
0094 : 884|9|107
0095 : 858|11|131
0096 : 884|7|109
0097 : 906|3|91
0098 : 889|6|105
0099 : 884|2|114
0100 : 889|11|100
0101 : 871|7|122
0102 : 872|5|123
0103 : 860|4|136
0104 : 912|12|76
0105 : 888|6|106
0106 : 879|7|114
0107 : 866|5|129
0108 : 859|4|137
0109 : 880|4|116
0110 : 876|8|116
0111 : 868|13|119
0112 : 860|10|130
0113 : 876|5|119
0114 : 851|11|138
0115 : 875|13|112
0116 : 874|6|120
0117 : 861|9|130
0118 : 886|13|101
0119 : 844|6|150
0120 : 867|7|126
0121 : 850|11|139
0122 : 865|11|124
0123 : 870|12|118
0124 : 869|8|123
0125 : 873|10|117
0126 : 862|9|129
0127 : 858|11|131
0128 : 869|11|120
0129 : 884|9|107
0130 : 842|12|146
0131 : 861|11|128
0132 : 835|11|154
0133 : 863|10|127
0134 : 832|12|156
0135 : 836|11|153
0136 : 843|6|151
0137 : 836|5|159
0138 : 848|13|139
0139 : 817|11|172
0140 : 833|10|157
0141 : 871|8|121
0142 : 846|8|146
0143 : 837|8|155
0144 : 868|16|116
0145 : 836|11|153
0146 : 848|10|142
0147 : 802|9|189
0148 : 829|7|164
0149 : 818|6|176
0150 : 806|13|181
0151 : 838|16|146
0152 : 846|9|145
0153 : 833|14|153
0154 : 838|13|149
0155 : 837|9|154
0156 : 825|16|159
0157 : 800|12|188
0158 : 753|14|233
0159 : 807|16|177
0160 : 819|11|170
0161 : 830|11|159
0162 : 788|14|198
0163 : 808|8|184
0164 : 798|18|184
0165 : 786|15|199
0166 : 843|9|148
0167 : 765|15|220
0168 : 788|9|203
0169 : 790|10|200
0170 : 826|11|163
0171 : 815|11|174
0172 : 781|20|199
0173 : 803|14|183
0174 : 795|11|194
0175 : 782|11|207
0176 : 812|12|176
0177 : 785|14|201
0178 : 790|10|200
0179 : 771|12|217
0180 : 773|11|216
0181 : 758|16|226
0182 : 824|8|168
0183 : 807|6|187
0184 : 792|13|195
0185 : 777|14|209
0186 : 722|18|260
0187 : 739|10|251
0188 : 758|16|226
0189 : 759|10|231
0190 : 737|17|246
0191 : 748|8|244
0192 : 739|11|250
0193 : 787|15|198
0194 : 739|11|250
0195 : 790|7|203
0196 : 738|17|245
0197 : 733|23|244
0198 : 722|15|263
0199 : 695|14|291
0200 : 722|13|265
0201 : 726|13|261
0202 : 744|14|242
0203 : 700|7|293
0204 : 737|23|240
0205 : 712|15|273
0206 : 694|13|293
0207 : 730|17|253
0208 : 716|22|262
0209 : 741|17|242
0210 : 727|17|256
0211 : 697|19|284
0212 : 662|18|320
0213 : 692|18|290
0214 : 659|19|322
0215 : 659|11|330
0216 : 680|19|301
0217 : 622|18|360
0218 : 565|18|417
0219 : 620|22|358
0220 : 687|14|299
0221 : 691|21|288
0222 : 618|16|366
0223 : 583|21|396
0224 : 591|19|390
0225 : 601|25|374
0226 : 618|20|362
0227 : 571|23|406
0228 : 647|19|334
0229 : 626|19|355
0230 : 613|16|371
0231 : 582|25|393
0232 : 644|21|335
0233 : 608|17|375
0234 : 551|23|426
0235 : 551|15|434
0236 : 609|19|372
0237 : 568|27|405
0238 : 588|17|395
0239 : 578|21|401
0240 : 540|22|438
0241 : 555|21|424
0242 : 572|17|411
0243 : 581|22|397
0244 : 559|14|427
0245 : 580|27|393
0246 : 517|24|459
0247 : 551|24|425
0248 : 656|17|327
0249 : 571|17|412
0250 : 582|23|395
0251 : 602|17|381
0252 : 595|22|383
0253 : 606|12|382
0254 : 557|27|416
0255 : 525|25|450
0256 : 570|21|409
0257 : 490|19|491
0258 : 562|22|416
0259 : 518|19|463
0260 : 611|19|370
0261 : 536|27|437
0262 : 545|23|432
0263 : 435|33|532
0264 : 508|16|476
0265 : 481|22|497
0266 : 487|21|492
0267 : 537|23|440
0268 : 479|28|493
0269 : 498|23|479
0270 : 509|22|469
0271 : 434|28|538
0272 : 428|31|541
0273 : 539|35|426
0274 : 519|23|458
0275 : 478|17|505
0276 : 495|22|483
0277 : 501|22|477
0278 : 431|25|544
0279 : 437|27|536
0280 : 465|37|498
0281 : 429|29|542
0282 : 418|27|555
0283 : 475|33|492
0284 : 452|23|525
0285 : 387|29|584
0286 : 481|28|491
0287 : 333|28|639
0288 : 405|32|563
0289 : 420|31|549
0290 : 428|30|542
0291 : 440|21|539
0292 : 382|32|586
0293 : 406|27|567
0294 : 417|35|548
0295 : 362|38|600
0296 : 445|25|530
0297 : 376|24|600
0298 : 426|19|555
0299 : 325|34|641
0300 : 318|37|645
0301 : 439|28|533
0302 : 419|22|559
0303 : 491|24|485
0304 : 357|30|613
0305 : 359|37|604
0306 : 448|22|530
0307 : 329|41|630
0308 : 344|29|627
0309 : 302|29|669
0310 : 339|27|634
0311 : 343|31|626
0312 : 426|25|549
0313 : 508|21|471
0314 : 298|33|669
0315 : 313|27|660
0316 : 335|33|632
0317 : 317|40|643
0318 : 305|30|665
0319 : 432|21|547
0320 : 329|31|640
0321 : 315|27|658
0322 : 293|29|678
0323 : 316|34|650
0324 : 428|26|546
0325 : 309|54|637
0326 : 474|33|493
0327 : 381|44|575
0328 : 300|31|669
0329 : 361|31|608
0330 : 371|28|601
0331 : 348|28|624
0332 : 349|31|620
0333 : 338|26|636
0334 : 284|45|671
0335 : 357|30|613
0336 : 445|22|533
0337 : 348|28|624
0338 : 410|35|555
0339 : 335|41|624
0340 : 366|30|604
0341 : 259|38|703
0342 : 374|41|585
0343 : 275|41|684
0344 : 300|49|651
0345 : 287|36|677
0346 : 297|33|670
0347 : 327|47|626
0348 : 260|33|707
0349 : 297|41|662
0350 : 302|39|659
0351 : 272|44|684
0352 : 230|33|737
0353 : 363|35|602
0354 : 330|44|626
0355 : 277|37|686
0356 : 271|32|697
0357 : 257|35|708
0358 : 224|38|738
0359 : 298|34|668
0360 : 423|23|554
0361 : 252|47|701
0362 : 376|29|595
0363 : 248|33|719
0364 : 299|30|671
0365 : 256|46|698
0366 : 315|33|652
0367 : 258|44|698
0368 : 289|37|674
0369 : 262|40|698
0370 : 235|41|724
0371 : 226|51|723
0372 : 231|41|728
0373 : 248|42|710
0374 : 230|41|729
0375 : 217|34|749
0376 : 221|37|742
0377 : 266|36|698
0378 : 214|49|737
0379 : 265|33|702
0380 : 264|30|706
0381 : 233|49|718
0382 : 243|46|711
0383 : 325|36|639
0384 : 221|47|732
0385 : 229|37|734
0386 : 229|37|734
0387 : 191|37|772
0388 : 244|49|707
0389 : 295|26|679
0390 : 220|50|730
0391 : 209|38|753
0392 : 262|43|695
0393 : 219|39|742
0394 : 269|40|691
0395 : 184|54|762
0396 : 280|32|688
0397 : 256|44|700
0398 : 218|55|727
0399 : 176|37|787
0400 : 269|52|679
0401 : 290|28|682
0402 : 189|54|757
0403 : 256|36|708
0404 : 223|46|731
0405 : 225|42|733
0406 : 195|54|751
0407 : 232|38|730
0408 : 170|39|791
0409 : 181|47|772
0410 : 181|38|781
0411 : 202|43|755
0412 : 200|39|761
0413 : 304|36|660
0414 : 207|60|733
0415 : 174|40|786
0416 : 164|47|789
0417 : 242|44|714
0418 : 240|32|728
0419 : 176|42|782
0420 : 197|40|763
0421 : 193|51|756
0422 : 195|50|755
0423 : 202|55|743
0424 : 297|30|673
0425 : 273|38|689
0426 : 206|44|750
0427 : 209|34|757
0428 : 154|43|803
0429 : 168|42|790
0430 : 157|51|792
0431 : 212|44|744
0432 : 192|45|763
0433 : 304|39|657
0434 : 192|56|752
0435 : 195|64|741
0436 : 143|49|808
0437 : 225|42|733
0438 : 173|46|781
0439 : 184|43|773
0440 : 178|43|779
0441 : 203|44|753
0442 : 140|57|803
0443 : 191|60|749
0444 : 154|47|799
0445 : 201|45|754
0446 : 141|59|800
0447 : 183|47|770
0448 : 131|77|792
0449 : 158|50|792
0450 : 181|36|783
0451 : 133|32|835
0452 : 193|38|769
0453 : 156|43|801
0454 : 166|39|795
0455 : 218|32|750
0456 : 155|57|788
0457 : 172|50|778
0458 : 149|37|814
0459 : 198|51|751
0460 : 179|45|776
0461 : 138|54|808
0462 : 197|44|759
0463 : 172|51|777
0464 : 220|45|735
0465 : 137|46|817
0466 : 136|47|817
0467 : 151|56|793
0468 : 176|63|761
0469 : 141|55|804
0470 : 117|54|829
0471 : 163|50|787
0472 : 181|46|773
0473 : 154|39|807
0474 : 131|71|798
0475 : 166|48|786
0476 : 171|68|761
0477 : 137|57|806
0478 : 197|48|755
0479 : 160|55|785
0480 : 132|57|811
0481 : 152|34|814
0482 : 189|35|776
0483 : 210|56|734
0484 : 140|51|809
0485 : 148|68|784
0486 : 136|56|808
0487 : 155|37|808
0488 : 180|54|766
0489 : 165|56|779
0490 : 144|46|810
0491 : 147|58|795
0492 : 249|39|712
0493 : 138|45|817
0494 : 111|52|837
0495 : 137|53|810
0496 : 141|47|812
0497 : 142|58|800
0498 : 117|54|829
0499 : 130|57|813
0500 : 127|57|816
0501 : 161|52|787
0502 : 104|53|843
0503 : 115|65|820
0504 : 126|55|819
0505 : 134|54|812
0506 : 127|45|828
0507 : 158|53|789
0508 : 134|55|811
0509 : 150|41|809
0510 : 122|47|831
0511 : 129|52|819
0512 : 130|43|827
0513 : 107|62|831
0514 : 136|48|816
0515 : 140|53|807
0516 : 111|51|838
0517 : 140|55|805
0518 : 154|44|802
0519 : 117|63|820
0520 : 147|55|798
0521 : 116|52|832
0522 : 96|67|837
0523 : 117|52|831
0524 : 127|68|805
0525 : 99|52|849
0526 : 151|59|790
0527 : 152|43|805
0528 : 96|49|855
0529 : 112|55|833
0530 : 96|54|850
0531 : 119|62|819
0532 : 124|53|823
0533 : 108|56|836
0534 : 92|67|841
0535 : 92|60|848
0536 : 104|50|846
0537 : 275|37|688
0538 : 90|55|855
0539 : 108|59|833
0540 : 122|44|834
0541 : 112|52|836
0542 : 211|49|740
0543 : 112|56|832
0544 : 76|48|876
0545 : 114|54|832
0546 : 138|52|810
0547 : 116|47|837
0548 : 121|50|829
0549 : 103|55|842
0550 : 112|56|832
0551 : 107|52|841
0552 : 107|53|840
0553 : 164|57|779
0554 : 121|60|819
0555 : 90|53|857
0556 : 99|60|841
0557 : 107|59|834
0558 : 93|59|848
0559 : 119|45|836
0560 : 88|53|859
0561 : 99|56|845
0562 : 115|52|833
0563 : 69|56|875
0564 : 103|55|842
0565 : 108|43|849
0566 : 109|46|845
0567 : 113|46|841
0568 : 109|50|841
0569 : 125|63|812
0570 : 82|45|873
0571 : 107|57|836
0572 : 94|63|843
0573 : 105|40|855
0574 : 65|58|877
0575 : 118|57|825
0576 : 99|61|840
0577 : 85|69|846
0578 : 107|54|839
0579 : 115|66|819
0580 : 115|49|836
0581 : 101|45|854
0582 : 101|65|834
0583 : 78|64|858
0584 : 97|50|853
0585 : 80|73|847
0586 : 80|70|850
0587 : 91|48|861
0588 : 109|55|836
0589 : 103|66|831
0590 : 94|69|837
0591 : 124|68|808
0592 : 102|56|842
0593 : 69|68|863
0594 : 103|47|850
0595 : 108|63|829
0596 : 85|74|841
0597 : 83|60|857
0598 : 83|54|863
0599 : 123|53|824
0600 : 88|57|855
