0001 : 967|5|28
0002 : 972|0|28
0003 : 969|0|31
0004 : 977|0|23
0005 : 974|1|25
0006 : 975|0|25
0007 : 964|1|35
0008 : 972|1|27
0009 : 968|0|32
0010 : 974|0|26
0011 : 959|0|41
0012 : 968|2|30
0013 : 968|2|30
0014 : 962|2|36
0015 : 958|2|40
0016 : 948|1|51
0017 : 960|1|39
0018 : 940|3|57
0019 : 951|2|47
0020 : 941|3|56
0021 : 947|1|52
0022 : 951|2|47
0023 : 956|6|38
0024 : 949|3|48
0025 : 945|10|45
0026 : 948|2|50
0027 : 952|4|44
0028 : 936|1|63
0029 : 934|6|60
0030 : 959|3|38
0031 : 935|5|60
0032 : 932|7|61
0033 : 953|4|43
0034 : 927|7|66
0035 : 938|4|58
0036 : 934|5|61
0037 : 931|2|67
0038 : 947|5|48
0039 : 925|6|69
0040 : 918|6|76
0041 : 933|4|63
0042 : 934|9|57
0043 : 921|7|72
0044 : 946|1|53
0045 : 925|4|71
0046 : 918|8|74
0047 : 943|5|52
0048 : 946|3|51
0049 : 932|7|61
0050 : 942|4|54
0051 : 915|8|77
0052 : 924|9|67
0053 : 929|5|66
0054 : 928|6|66
0055 : 922|2|76
0056 : 927|4|69
0057 : 930|2|68
0058 : 931|5|64
0059 : 911|6|83
0060 : 926|7|67
0061 : 938|4|58
0062 : 916|9|75
0063 : 939|8|53
0064 : 929|4|67
0065 : 927|5|68
0066 : 905|10|85
0067 : 942|4|54
0068 : 928|6|66
0069 : 942|0|58
0070 : 929|9|62
0071 : 916|9|75
0072 : 922|2|76
0073 : 912|6|82
0074 : 916|8|76
0075 : 930|4|66
0076 : 917|9|74
0077 : 911|6|83
0078 : 925|5|70
0079 : 921|5|74
0080 : 929|3|68
0081 : 918|7|75
0082 : 916|7|77
0083 : 925|5|70
0084 : 913|7|80
0085 : 935|1|64
0086 : 931|5|64
0087 : 920|10|70
0088 : 922|11|67
0089 : 920|7|73
0090 : 903|7|90
0091 : 893|5|102
0092 : 898|8|94
0093 : 913|8|79
0094 : 895|5|100
0095 : 896|0|104
0096 : 886|6|108
0097 : 927|2|71
0098 : 900|10|90
0099 : 895|5|100
0100 : 913|7|80
0101 : 901|5|94
0102 : 902|13|85
0103 : 888|8|104
0104 : 908|7|85
0105 : 884|7|109
0106 : 887|14|99
0107 : 909|7|84
0108 : 888|13|99
0109 : 880|5|115
0110 : 881|9|110
0111 : 891|5|104
0112 : 911|7|82
0113 : 881|17|102
0114 : 909|6|85
0115 : 883|13|104
0116 : 903|9|88
0117 : 882|10|108
0118 : 894|15|91
0119 : 909|8|83
0120 : 860|7|133
0121 : 872|8|120
0122 : 886|9|105
0123 : 873|8|119
0124 : 862|13|125
0125 : 872|14|114
0126 : 865|11|124
0127 : 873|6|121
0128 : 830|20|150
0129 : 866|10|124
0130 : 858|13|129
0131 : 888|5|107
0132 : 861|19|120
0133 : 883|3|114
0134 : 852|9|139
0135 : 857|9|134
0136 : 851|10|139
0137 : 871|9|120
0138 : 851|16|133
0139 : 843|10|147
0140 : 869|6|125
0141 : 878|13|109
0142 : 875|14|111
0143 : 855|5|140
0144 : 845|5|150
0145 : 844|11|145
0146 : 853|6|141
0147 : 848|19|133
0148 : 818|12|170
0149 : 859|14|127
0150 : 851|7|142
0151 : 837|13|150
0152 : 869|11|120
0153 : 843|9|148
0154 : 893|5|102
0155 : 844|14|142
0156 : 857|6|137
0157 : 864|8|128
0158 : 842|10|148
0159 : 858|9|133
0160 : 832|8|160
0161 : 821|14|165
0162 : 828|15|157
0163 : 853|6|141
0164 : 813|11|176
0165 : 810|17|173
0166 : 791|3|206
0167 : 839|11|150
0168 : 857|16|127
0169 : 765|13|222
0170 : 837|5|158
0171 : 808|14|178
0172 : 840|16|144
0173 : 835|8|157
0174 : 836|16|148
0175 : 820|14|166
0176 : 785|13|202
0177 : 830|10|160
0178 : 817|18|165
0179 : 757|13|230
0180 : 818|12|170
0181 : 772|9|219
0182 : 745|14|241
0183 : 799|12|189
0184 : 794|10|196
0185 : 797|13|190
0186 : 767|14|219
0187 : 757|14|229
0188 : 782|11|207
0189 : 786|19|195
0190 : 778|8|214
0191 : 795|11|194
0192 : 740|10|250
0193 : 817|13|170
0194 : 781|15|204
0195 : 723|21|256
0196 : 766|15|219
0197 : 746|8|246
0198 : 781|16|203
0199 : 771|7|222
0200 : 739|18|243
0201 : 752|18|230
0202 : 709|18|273
0203 : 746|23|231
0204 : 772|13|215
0205 : 749|18|233
0206 : 779|10|211
0207 : 690|12|298
0208 : 677|12|311
0209 : 713|12|275
0210 : 672|27|301
0211 : 762|11|227
0212 : 716|19|265
0213 : 709|15|276
0214 : 702|11|287
0215 : 699|15|286
0216 : 613|20|367
0217 : 662|14|324
0218 : 626|19|355
0219 : 693|16|291
0220 : 667|14|319
0221 : 707|17|276
0222 : 618|16|366
0223 : 613|23|364
0224 : 628|14|358
0225 : 702|20|278
0226 : 585|15|400
0227 : 685|16|299
0228 : 673|17|310
0229 : 707|22|271
0230 : 662|20|318
0231 : 661|21|318
0232 : 645|20|335
0233 : 578|25|397
0234 : 577|19|404
0235 : 571|23|406
0236 : 596|16|388
0237 : 553|15|432
0238 : 611|22|367
0239 : 590|22|388
0240 : 601|16|383
0241 : 543|26|431
0242 : 564|22|414
0243 : 529|25|446
0244 : 571|26|403
0245 : 572|24|404
0246 : 524|29|447
0247 : 491|23|486
0248 : 575|24|401
0249 : 496|18|486
0250 : 644|22|334
0251 : 476|22|502
0252 : 569|23|408
0253 : 531|21|448
0254 : 470|28|502
0255 : 575|28|397
0256 : 519|21|460
0257 : 536|35|429
0258 : 509|35|456
0259 : 512|26|462
0260 : 505|19|476
0261 : 507|23|470
0262 : 505|23|472
0263 : 360|32|608
0264 : 484|25|491
0265 : 473|29|498
0266 : 465|24|511
0267 : 439|25|536
0268 : 449|26|525
0269 : 423|31|546
0270 : 486|33|481
0271 : 381|41|578
0272 : 328|28|644
0273 : 395|32|573
0274 : 442|22|536
0275 : 517|28|455
0276 : 429|30|541
0277 : 413|30|557
0278 : 426|31|543
0279 : 453|23|524
0280 : 360|35|605
0281 : 268|47|685
0282 : 357|31|612
0283 : 451|30|519
0284 : 305|42|653
0285 : 358|30|612
0286 : 419|28|553
0287 : 473|30|497
0288 : 353|30|617
0289 : 321|43|636
0290 : 351|31|618
0291 : 238|46|716
0292 : 367|24|609
0293 : 345|35|620
0294 : 338|20|642
0295 : 267|38|695
0296 : 284|35|681
0297 : 233|39|728
0298 : 283|30|687
0299 : 321|35|644
0300 : 276|44|680
0301 : 271|47|682
0302 : 256|42|702
0303 : 244|38|718
0304 : 289|44|667
0305 : 378|32|590
0306 : 260|45|695
0307 : 258|33|709
0308 : 208|43|749
0309 : 219|47|734
0310 : 182|37|781
0311 : 300|38|662
0312 : 272|37|691
0313 : 294|38|668
0314 : 278|28|694
0315 : 204|41|755
0316 : 215|40|745
0317 : 170|56|774
0318 : 223|45|732
0319 : 200|35|765
0320 : 172|46|782
0321 : 304|40|656
0322 : 222|45|733
0323 : 289|29|682
0324 : 257|41|702
0325 : 168|54|778
0326 : 185|49|766
0327 : 172|64|764
0328 : 235|48|717
0329 : 288|40|672
0330 : 345|35|620
0331 : 227|37|736
0332 : 231|49|720
0333 : 225|57|718
0334 : 227|44|729
0335 : 167|48|785
0336 : 285|47|668
0337 : 175|52|773
0338 : 281|47|672
0339 : 166|48|786
0340 : 343|41|616
0341 : 166|50|784
0342 : 194|53|753
0343 : 157|42|801
0344 : 277|43|680
0345 : 191|44|765
0346 : 280|43|677
0347 : 173|54|773
0348 : 162|59|779
0349 : 212|46|742
0350 : 204|56|740
0351 : 161|51|788
0352 : 220|52|728
0353 : 149|65|786
0354 : 175|59|766
0355 : 130|55|815
0356 : 151|62|787
0357 : 178|59|763
0358 : 127|49|824
0359 : 186|66|748
0360 : 158|56|786
0361 : 144|51|805
0362 : 143|46|811
0363 : 262|33|705
0364 : 129|43|828
0365 : 136|59|805
0366 : 114|57|829
0367 : 95|53|852
0368 : 139|42|819
0369 : 194|47|759
0370 : 182|53|765
0371 : 156|66|778
0372 : 146|49|805
0373 : 212|62|726
0374 : 125|70|805
0375 : 160|48|792
0376 : 116|62|822
0377 : 122|44|834
0378 : 118|59|823
0379 : 181|63|756
0380 : 166|47|787
0381 : 193|47|760
0382 : 263|35|702
0383 : 179|45|776
0384 : 142|44|814
0385 : 141|52|807
0386 : 101|75|824
0387 : 164|47|789
0388 : 110|48|842
0389 : 121|41|838
0390 : 218|54|728
0391 : 171|53|776
0392 : 124|53|823
0393 : 187|52|761
0394 : 134|42|824
0395 : 132|66|802
0396 : 133|56|811
0397 : 123|58|819
0398 : 127|53|820
0399 : 169|36|795
0400 : 167|57|776
0401 : 117|41|842
0402 : 169|61|770
0403 : 169|42|789
0404 : 129|64|807
0405 : 109|51|840
0406 : 121|62|817
0407 : 216|65|719
0408 : 123|51|826
0409 : 160|50|790
0410 : 205|51|744
0411 : 106|58|836
0412 : 128|58|814
0413 : 121|62|817
0414 : 154|48|798
0415 : 191|55|754
0416 : 105|70|825
0417 : 109|54|837
0418 : 108|49|843
0419 : 115|56|829
0420 : 161|58|781
0421 : 109|50|841
0422 : 146|64|790
0423 : 107|76|817
0424 : 133|53|814
0425 : 125|66|809
0426 : 103|55|842
0427 : 80|65|855
0428 : 138|60|802
0429 : 129|53|818
0430 : 106|52|842
0431 : 98|61|841
0432 : 108|56|836
0433 : 107|71|822
0434 : 154|57|789
0435 : 135|44|821
0436 : 138|55|807
0437 : 98|59|843
0438 : 247|46|707
0439 : 101|44|855
0440 : 111|49|840
0441 : 136|50|814
0442 : 133|51|816
0443 : 79|62|859
0444 : 82|58|860
0445 : 88|62|850
0446 : 96|49|855
0447 : 101|51|848
0448 : 124|48|828
0449 : 145|60|795
0450 : 174|59|767
0451 : 125|50|825
0452 : 91|69|840
0453 : 210|43|747
0454 : 120|41|839
0455 : 138|68|794
0456 : 150|51|799
0457 : 125|60|815
0458 : 95|78|827
0459 : 121|53|826
0460 : 117|62|821
0461 : 105|51|844
0462 : 93|65|842
0463 : 81|66|853
0464 : 109|58|833
0465 : 99|50|851
0466 : 107|71|822
0467 : 132|55|813
0468 : 111|63|826
0469 : 95|56|849
0470 : 111|62|827
0471 : 119|60|821
0472 : 99|57|844
0473 : 122|68|810
0474 : 113|50|837
0475 : 124|52|824
0476 : 193|50|757
0477 : 99|57|844
0478 : 84|63|853
0479 : 106|61|833
0480 : 147|68|785
0481 : 97|52|851
0482 : 93|55|852
0483 : 88|59|853
0484 : 112|53|835
0485 : 84|68|848
0486 : 126|52|822
0487 : 109|51|840
0488 : 106|51|843
0489 : 106|55|839
0490 : 121|67|812
0491 : 97|66|837
0492 : 82|73|845
0493 : 87|62|851
0494 : 93|60|847
0495 : 93|66|841
0496 : 76|68|856
0497 : 109|54|837
0498 : 97|59|844
0499 : 99|48|853
0500 : 108|65|827
0501 : 95|63|842
0502 : 76|69|855
0503 : 95|74|831
0504 : 82|52|866
0505 : 87|52|861
0506 : 79|57|864
0507 : 86|65|849
0508 : 98|56|846
0509 : 93|71|836
0510 : 114|54|832
0511 : 90|59|851
0512 : 77|64|859
0513 : 92|62|846
0514 : 92|51|857
0515 : 72|45|883
0516 : 112|79|809
0517 : 63|63|874
0518 : 90|71|839
0519 : 67|42|891
0520 : 104|48|848
0521 : 85|70|845
0522 : 82|67|851
0523 : 111|71|818
0524 : 73|67|860
0525 : 93|56|851
0526 : 99|54|847
0527 : 75|65|860
0528 : 98|60|842
0529 : 99|61|840
0530 : 79|50|871
0531 : 112|54|834
0532 : 88|66|846
0533 : 71|67|862
0534 : 84|64|852
0535 : 82|46|872
0536 : 106|60|834
0537 : 138|61|801
0538 : 108|68|824
0539 : 79|57|864
0540 : 90|64|846
0541 : 128|61|811
0542 : 100|47|853
0543 : 67|58|875
0544 : 98|56|846
0545 : 82|69|849
0546 : 79|48|873
0547 : 77|61|862
0548 : 90|57|853
0549 : 69|70|861
0550 : 67|63|870
0551 : 71|61|868
0552 : 87|49|864
0553 : 87|59|854
0554 : 93|64|843
0555 : 70|61|869
0556 : 123|64|813
0557 : 119|69|812
0558 : 69|51|880
0559 : 83|73|844
0560 : 91|70|839
0561 : 77|72|851
0562 : 74|62|864
0563 : 84|73|843
0564 : 63|67|870
0565 : 62|68|870
0566 : 62|64|874
0567 : 67|56|877
0568 : 51|61|888
0569 : 99|53|848
0570 : 71|61|868
0571 : 77|63|860
0572 : 59|80|861
0573 : 68|55|877
0574 : 91|64|845
0575 : 49|57|894
0576 : 84|55|861
0577 : 67|60|873
0578 : 86|65|849
0579 : 71|52|877
0580 : 74|71|855
0581 : 100|60|840
0582 : 115|75|810
0583 : 63|60|877
0584 : 85|65|850
0585 : 48|77|875
0586 : 57|69|874
0587 : 74|62|864
0588 : 91|59|850
0589 : 80|52|868
0590 : 81|63|856
0591 : 83|78|839
0592 : 72|70|858
0593 : 68|55|877
0594 : 80|71|849
0595 : 87|63|850
0596 : 77|63|860
0597 : 81|52|867
0598 : 61|53|886
0599 : 70|60|870
0600 : 46|74|880
