0001 : 978|0|22
0002 : 980|0|20
0003 : 979|0|21
0004 : 972|0|28
0005 : 981|0|19
0006 : 975|2|23
0007 : 965|4|31
0008 : 965|1|34
0009 : 966|2|32
0010 : 966|1|33
0011 : 972|1|27
0012 : 955|3|42
0013 : 958|2|40
0014 : 965|1|34
0015 : 957|3|40
0016 : 953|3|44
0017 : 957|3|40
0018 : 949|3|48
0019 : 960|3|37
0020 : 946|1|53
0021 : 949|3|48
0022 : 938|7|55
0023 : 957|4|39
0024 : 943|4|53
0025 : 943|1|56
0026 : 944|5|51
0027 : 940|4|56
0028 : 924|3|73
0029 : 946|4|50
0030 : 931|4|65
0031 : 934|7|59
0032 : 923|6|71
0033 : 932|8|60
0034 : 943|8|49
0035 : 933|5|62
0036 : 933|4|63
0037 : 931|10|59
0038 : 938|3|59
0039 : 943|4|53
0040 : 944|5|51
0041 : 912|4|84
0042 : 904|11|85
0043 : 938|11|51
0044 : 928|7|65
0045 : 928|4|68
0046 : 917|9|74
0047 : 903|8|89
0048 : 925|9|66
0049 : 917|9|74
0050 : 909|8|83
0051 : 917|9|74
0052 : 927|9|64
0053 : 937|5|58
0054 : 904|5|91
0055 : 913|3|84
0056 : 918|5|77
0057 : 916|8|76
0058 : 911|5|84
0059 : 912|6|82
0060 : 926|7|67
0061 : 891|14|95
0062 : 923|4|73
0063 : 919|10|71
0064 : 925|6|69
0065 : 883|10|107
0066 : 935|10|55
0067 : 907|7|86
0068 : 908|5|87
0069 : 893|8|99
0070 : 900|5|95
0071 : 886|13|101
0072 : 887|11|102
0073 : 902|8|90
0074 : 885|9|106
0075 : 890|7|103
0076 : 906|9|85
0077 : 914|5|81
0078 : 902|8|90
0079 : 888|11|101
0080 : 895|4|101
0081 : 903|11|86
0082 : 915|10|75
0083 : 889|12|99
0084 : 902|5|93
0085 : 885|14|101
0086 : 872|9|119
0087 : 870|10|120
0088 : 901|6|93
0089 : 897|2|101
0090 : 892|2|106
0091 : 873|9|118
0092 : 879|12|109
0093 : 879|11|110
0094 : 899|10|91
0095 : 888|8|104
0096 : 898|7|95
0097 : 892|10|98
0098 : 878|8|114
0099 : 920|4|76
0100 : 879|12|109
0101 : 871|5|124
0102 : 859|9|132
0103 : 885|6|109
0104 : 857|11|132
0105 : 873|9|118
0106 : 876|6|118
0107 : 853|6|141
0108 : 866|6|128
0109 : 883|11|106
0110 : 851|12|137
0111 : 874|7|119
0112 : 869|7|124
0113 : 875|9|116
0114 : 862|7|131
0115 : 869|6|125
0116 : 859|10|131
0117 : 864|9|127
0118 : 849|14|137
0119 : 872|6|122
0120 : 850|15|135
0121 : 877|10|113
0122 : 844|10|146
0123 : 860|9|131
0124 : 867|14|119
0125 : 843|15|142
0126 : 851|7|142
0127 : 861|9|130
0128 : 823|9|168
0129 : 864|6|130
0130 : 820|10|170
0131 : 840|14|146
0132 : 860|14|126
0133 : 821|11|168
0134 : 847|16|137
0135 : 862|11|127
0136 : 839|17|144
0137 : 837|14|149
0138 : 843|11|146
0139 : 855|12|133
0140 : 862|9|129
0141 : 834|14|152
0142 : 819|11|170
0143 : 846|11|143
0144 : 864|9|127
0145 : 839|9|152
0146 : 837|10|153
0147 : 844|15|141
0148 : 830|12|158
0149 : 830|12|158
0150 : 850|15|135
0151 : 814|15|171
0152 : 811|15|174
0153 : 825|12|163
0154 : 852|6|142
0155 : 840|14|146
0156 : 825|12|163
0157 : 819|9|172
0158 : 833|10|157
0159 : 844|8|148
0160 : 810|16|174
0161 : 773|12|215
0162 : 830|8|162
0163 : 827|14|159
0164 : 848|9|143
0165 : 823|11|166
0166 : 812|10|178
0167 : 822|9|169
0168 : 769|11|220
0169 : 811|13|176
0170 : 834|8|158
0171 : 824|14|162
0172 : 794|13|193
0173 : 776|14|210
0174 : 796|12|192
0175 : 833|5|162
0176 : 776|17|207
0177 : 760|10|230
0178 : 843|12|145
0179 : 804|13|183
0180 : 787|12|201
0181 : 772|12|216
0182 : 833|9|158
0183 : 757|16|227
0184 : 771|14|215
0185 : 780|15|205
0186 : 778|11|211
0187 : 812|14|174
0188 : 770|12|218
0189 : 775|22|203
0190 : 747|7|246
0191 : 804|10|186
0192 : 797|11|192
0193 : 774|10|216
0194 : 778|8|214
0195 : 770|9|221
0196 : 818|14|168
0197 : 784|19|197
0198 : 726|8|266
0199 : 765|11|224
0200 : 750|15|235
0201 : 741|16|243
0202 : 784|12|204
0203 : 752|9|239
0204 : 789|18|193
0205 : 767|16|217
0206 : 763|13|224
0207 : 753|11|236
0208 : 742|12|246
0209 : 739|11|250
0210 : 759|19|222
0211 : 753|16|231
0212 : 736|16|248
0213 : 762|17|221
0214 : 747|18|235
0215 : 748|16|236
0216 : 733|14|253
0217 : 735|15|250
0218 : 757|15|228
0219 : 768|16|216
0220 : 626|18|356
0221 : 721|13|266
0222 : 722|17|261
0223 : 747|17|236
0224 : 686|12|302
0225 : 767|14|219
0226 : 729|15|256
0227 : 759|13|228
0228 : 682|24|294
0229 : 792|9|199
0230 : 687|23|290
0231 : 678|13|309
0232 : 705|14|281
0233 : 646|15|339
0234 : 690|18|292
0235 : 690|9|301
0236 : 660|15|325
0237 : 643|24|333
0238 : 682|11|307
0239 : 661|15|324
0240 : 714|17|269
0241 : 702|14|284
0242 : 702|19|279
0243 : 637|20|343
0244 : 679|17|304
0245 : 656|25|319
0246 : 621|16|363
0247 : 690|25|285
0248 : 652|13|335
0249 : 646|18|336
0250 : 694|15|291
0251 : 636|21|343
0252 : 607|23|370
0253 : 689|18|293
0254 : 575|24|401
0255 : 594|16|390
0256 : 673|13|314
0257 : 611|18|371
0258 : 618|22|360
0259 : 573|15|412
0260 : 624|14|362
0261 : 646|24|330
0262 : 534|28|438
0263 : 650|20|330
0264 : 675|13|312
0265 : 557|19|424
0266 : 607|16|377
0267 : 509|22|469
0268 : 539|26|435
0269 : 602|17|381
0270 : 578|21|401
0271 : 644|20|336
0272 : 592|21|387
0273 : 608|21|371
0274 : 487|38|475
0275 : 595|19|386
0276 : 553|24|423
0277 : 580|21|399
0278 : 613|20|367
0279 : 594|20|386
0280 : 583|30|387
0281 : 464|27|509
0282 : 523|18|459
0283 : 560|25|415
0284 : 631|17|352
0285 : 538|21|441
0286 : 462|33|505
0287 : 466|19|515
0288 : 594|18|388
0289 : 433|21|546
0290 : 501|25|474
0291 : 531|23|446
0292 : 557|20|423
0293 : 454|23|523
0294 : 470|25|505
0295 : 506|17|477
0296 : 500|18|482
0297 : 549|15|436
0298 : 536|28|436
0299 : 485|23|492
0300 : 536|29|435
0301 : 511|22|467
0302 : 474|28|498
0303 : 552|16|432
0304 : 442|20|538
0305 : 487|25|488
0306 : 490|22|488
0307 : 428|31|541
0308 : 506|26|468
0309 : 505|25|470
0310 : 524|32|444
0311 : 473|19|508
0312 : 491|28|481
0313 : 422|33|545
0314 : 478|28|494
0315 : 529|21|450
0316 : 473|25|502
0317 : 471|32|497
0318 : 456|22|522
0319 : 425|29|546
0320 : 443|24|533
0321 : 481|25|494
0322 : 527|26|447
0323 : 425|27|548
0324 : 479|23|498
0325 : 412|31|557
0326 : 449|22|529
0327 : 358|27|615
0328 : 419|25|556
0329 : 421|22|557
0330 : 432|29|539
0331 : 463|37|500
0332 : 472|26|502
0333 : 422|19|559
0334 : 412|26|562
0335 : 498|21|481
0336 : 423|25|552
0337 : 406|23|571
0338 : 456|21|523
0339 : 476|26|498
0340 : 418|32|550
0341 : 361|31|608
0342 : 510|19|471
0343 : 563|18|419
0344 : 406|30|564
0345 : 416|35|549
0346 : 395|41|564
0347 : 460|24|516
0348 : 355|39|606
0349 : 361|25|614
0350 : 340|26|634
0351 : 374|27|599
0352 : 454|30|516
0353 : 388|35|577
0354 : 443|25|532
0355 : 406|19|575
0356 : 420|25|555
0357 : 306|34|660
0358 : 469|26|505
0359 : 407|35|558
0360 : 413|32|555
0361 : 456|24|520
0362 : 435|24|541
0363 : 353|38|609
0364 : 335|36|629
0365 : 436|21|543
0366 : 396|31|573
0367 : 327|27|646
0368 : 400|19|581
0369 : 324|39|637
0370 : 401|35|564
0371 : 409|29|562
0372 : 376|34|590
0373 : 453|31|516
0374 : 314|36|650
0375 : 349|35|616
0376 : 392|34|574
0377 : 360|37|603
0378 : 378|29|593
0379 : 367|27|606
0380 : 399|32|569
0381 : 407|28|565
0382 : 322|32|646
0383 : 325|28|647
0384 : 336|34|630
0385 : 395|32|573
0386 : 292|27|681
0387 : 365|21|614
0388 : 355|27|618
0389 : 359|28|613
0390 : 296|38|666
0391 : 301|34|665
0392 : 378|27|595
0393 : 342|19|639
0394 : 293|40|667
0395 : 323|39|638
0396 : 330|35|635
0397 : 329|37|634
0398 : 318|39|643
0399 : 410|30|560
0400 : 303|33|664
0401 : 293|28|679
0402 : 273|32|695
0403 : 364|35|601
0404 : 320|31|649
0405 : 273|44|683
0406 : 361|30|609
0407 : 303|44|653
0408 : 352|33|615
0409 : 320|45|635
0410 : 269|36|695
0411 : 311|41|648
0412 : 362|26|612
0413 : 272|42|686
0414 : 298|45|657
0415 : 281|33|686
0416 : 329|29|642
0417 : 251|35|714
0418 : 247|38|715
0419 : 268|38|694
0420 : 292|38|670
0421 : 328|36|636
0422 : 296|43|661
0423 : 290|41|669
0424 : 354|28|618
0425 : 310|46|644
0426 : 229|50|721
0427 : 365|35|600
0428 : 268|38|694
0429 : 292|27|681
0430 : 328|32|640
0431 : 274|39|687
0432 : 261|46|693
0433 : 293|44|663
0434 : 311|30|659
0435 : 318|37|645
0436 : 327|43|630
0437 : 290|37|673
0438 : 290|29|681
0439 : 274|41|685
0440 : 256|57|687
0441 : 300|33|667
0442 : 257|47|696
0443 : 303|44|653
0444 : 272|43|685
0445 : 252|38|710
0446 : 257|39|704
0447 : 319|32|649
0448 : 281|29|690
0449 : 311|24|665
0450 : 297|26|677
0451 : 288|32|680
0452 : 258|37|705
0453 : 271|47|682
0454 : 221|38|741
0455 : 286|44|670
0456 : 247|37|716
0457 : 273|36|691
0458 : 236|37|727
0459 : 299|35|666
0460 : 261|35|704
0461 : 247|49|704
0462 : 319|38|643
0463 : 276|31|693
0464 : 250|45|705
0465 : 262|39|699
0466 : 304|43|653
0467 : 281|36|683
0468 : 237|46|717
0469 : 272|37|691
0470 : 210|49|741
0471 : 255|39|706
0472 : 250|51|699
0473 : 351|21|628
0474 : 244|45|711
0475 : 274|47|679
0476 : 215|40|745
0477 : 310|37|653
0478 : 219|36|745
0479 : 222|54|724
0480 : 280|34|686
0481 : 269|48|683
0482 : 263|39|698
0483 : 245|54|701
0484 : 204|45|751
0485 : 251|43|706
0486 : 274|35|691
0487 : 294|31|675
0488 : 210|51|739
0489 : 225|49|726
0490 : 224|40|736
0491 : 240|48|712
0492 : 273|34|693
0493 : 250|53|697
0494 : 237|42|721
0495 : 272|49|679
0496 : 230|57|713
0497 : 257|36|707
0498 : 232|54|714
0499 : 255|45|700
0500 : 255|42|703
0501 : 243|42|715
0502 : 244|47|709
0503 : 226|49|725
0504 : 266|45|689
0505 : 241|42|717
0506 : 249|42|709
0507 : 196|46|758
0508 : 278|43|679
0509 : 302|36|662
0510 : 206|43|751
0511 : 177|46|777
0512 : 267|40|693
0513 : 268|47|685
0514 : 228|45|727
0515 : 195|53|752
0516 : 269|45|686
0517 : 245|49|706
0518 : 311|43|646
0519 : 184|43|773
0520 : 184|58|758
0521 : 259|35|706
0522 : 165|52|783
0523 : 281|40|679
0524 : 172|60|768
0525 : 237|53|710
0526 : 173|42|785
0527 : 236|40|724
0528 : 235|55|710
0529 : 251|40|709
0530 : 207|43|750
0531 : 289|52|659
0532 : 217|58|725
0533 : 214|46|740
0534 : 196|50|754
0535 : 214|50|736
0536 : 277|38|685
0537 : 230|38|732
0538 : 244|43|713
0539 : 217|50|733
0540 : 195|48|757
0541 : 175|63|762
0542 : 196|73|731
0543 : 214|61|725
0544 : 222|48|730
0545 : 169|56|775
0546 : 151|54|795
0547 : 188|60|752
0548 : 220|55|725
0549 : 190|64|746
0550 : 173|70|757
0551 : 164|60|776
0552 : 226|49|725
0553 : 149|48|803
0554 : 265|54|681
0555 : 207|52|741
0556 : 191|47|762
0557 : 222|58|720
0558 : 204|53|743
0559 : 158|69|773
0560 : 215|56|729
0561 : 200|45|755
0562 : 169|50|781
0563 : 199|46|755
0564 : 132|63|805
0565 : 162|49|789
0566 : 179|60|761
0567 : 164|59|777
0568 : 197|42|761
0569 : 187|53|760
0570 : 173|45|782
0571 : 129|56|815
0572 : 181|50|769
0573 : 173|48|779
0574 : 123|52|825
0575 : 178|51|771
0576 : 154|60|786
0577 : 133|47|820
0578 : 173|51|776
0579 : 171|61|768
0580 : 179|57|764
0581 : 209|50|741
0582 : 180|36|784
0583 : 146|54|800
0584 : 137|73|790
0585 : 185|47|768
0586 : 197|52|751
0587 : 129|58|813
0588 : 131|65|804
0589 : 214|59|727
0590 : 165|68|767
0591 : 188|58|754
0592 : 171|64|765
0593 : 199|32|769
0594 : 169|54|777
0595 : 162|51|787
0596 : 163|57|780
0597 : 208|46|746
0598 : 183|38|779
0599 : 148|52|800
0600 : 168|53|779
