0001 : 973|2|25
0002 : 972|0|28
0003 : 977|0|23
0004 : 973|0|27
0005 : 973|0|27
0006 : 983|2|15
0007 : 972|0|28
0008 : 967|0|33
0009 : 968|2|30
0010 : 957|4|39
0011 : 962|1|37
0012 : 973|1|26
0013 : 968|2|30
0014 : 956|1|43
0015 : 949|3|48
0016 : 954|3|43
0017 : 962|1|37
0018 : 962|2|36
0019 : 959|5|36
0020 : 960|0|40
0021 : 956|1|43
0022 : 947|4|49
0023 : 962|1|37
0024 : 953|5|42
0025 : 949|1|50
0026 : 947|4|49
0027 : 949|3|48
0028 : 961|5|34
0029 : 953|2|45
0030 : 942|0|58
0031 : 956|1|43
0032 : 948|1|51
0033 : 954|5|41
0034 : 941|3|56
0035 : 945|1|54
0036 : 949|5|46
0037 : 940|3|57
0038 : 958|4|38
0039 : 953|1|46
0040 : 933|7|60
0041 : 953|3|44
0042 : 933|4|63
0043 : 931|8|61
0044 : 933|5|62
0045 : 943|7|50
0046 : 947|1|52
0047 : 939|7|54
0048 : 943|0|57
0049 : 933|5|62
0050 : 944|2|54
0051 : 930|2|68
0052 : 938|6|56
0053 : 932|2|66
0054 : 925|3|72
0055 : 935|6|59
0056 : 916|6|78
0057 : 940|4|56
0058 : 925|9|66
0059 : 926|6|68
0060 : 936|6|58
0061 : 927|7|66
0062 : 903|8|89
0063 : 921|5|74
0064 : 902|10|88
0065 : 912|7|81
0066 : 906|11|83
0067 : 911|12|77
0068 : 925|9|66
0069 : 893|11|96
0070 : 898|5|97
0071 : 906|9|85
0072 : 912|13|75
0073 : 905|7|88
0074 : 919|4|77
0075 : 907|11|82
0076 : 925|7|68
0077 : 921|6|73
0078 : 918|11|71
0079 : 895|13|92
0080 : 904|5|91
0081 : 900|9|91
0082 : 897|15|88
0083 : 908|6|86
0084 : 900|10|90
0085 : 907|13|80
0086 : 903|7|90
0087 : 880|12|108
0088 : 873|15|112
0089 : 895|8|97
0090 : 878|10|112
0091 : 876|9|115
0092 : 897|8|95
0093 : 910|8|82
0094 : 916|8|76
0095 : 904|8|88
0096 : 848|10|142
0097 : 900|16|84
0098 : 860|18|122
0099 : 883|8|109
0100 : 871|13|116
0101 : 873|6|121
0102 : 891|10|99
0103 : 874|13|113
0104 : 852|13|135
0105 : 845|19|136
0106 : 852|14|134
0107 : 885|12|103
0108 : 873|7|120
0109 : 835|13|152
0110 : 885|12|103
0111 : 848|13|139
0112 : 852|9|139
0113 : 834|8|158
0114 : 854|13|133
0115 : 827|11|162
0116 : 831|17|152
0117 : 846|19|135
0118 : 848|13|139
0119 : 825|12|163
0120 : 850|12|138
0121 : 816|7|177
0122 : 835|16|149
0123 : 817|15|168
0124 : 874|10|116
0125 : 808|7|185
0126 : 839|15|146
0127 : 832|23|145
0128 : 823|18|159
0129 : 848|14|138
0130 : 839|15|146
0131 : 863|13|124
0132 : 808|12|180
0133 : 812|17|171
0134 : 809|19|172
0135 : 848|12|140
0136 : 804|15|181
0137 : 856|9|135
0138 : 801|15|184
0139 : 813|18|169
0140 : 825|15|160
0141 : 818|13|169
0142 : 827|12|161
0143 : 817|11|172
0144 : 820|13|167
0145 : 818|14|168
0146 : 777|10|213
0147 : 791|12|197
0148 : 821|20|159
0149 : 803|10|187
0150 : 813|13|174
0151 : 785|8|207
0152 : 824|14|162
0153 : 804|20|176
0154 : 836|12|152
0155 : 780|15|205
0156 : 732|19|249
0157 : 801|18|181
0158 : 793|12|195
0159 : 782|17|201
0160 : 783|13|204
0161 : 763|12|225
0162 : 751|20|229
0163 : 767|20|213
0164 : 802|12|186
0165 : 773|23|204
0166 : 803|14|183
0167 : 780|11|209
0168 : 756|10|234
0169 : 780|10|210
0170 : 784|11|205
0171 : 726|19|255
0172 : 766|12|222
0173 : 791|16|193
0174 : 789|18|193
0175 : 743|16|241
0176 : 749|21|230
0177 : 748|18|234
0178 : 754|21|225
0179 : 742|17|241
0180 : 744|24|232
0181 : 725|17|258
0182 : 781|16|203
0183 : 753|15|232
0184 : 741|20|239
0185 : 735|14|251
0186 : 790|13|197
0187 : 761|17|222
0188 : 758|11|231
0189 : 745|16|239
0190 : 750|18|232
0191 : 741|14|245
0192 : 738|16|246
0193 : 717|12|271
0194 : 765|20|215
0195 : 734|17|249
0196 : 761|24|215
0197 : 720|17|263
0198 : 761|14|225
0199 : 750|23|227
0200 : 762|11|227
0201 : 729|17|254
0202 : 680|17|303
0203 : 771|14|215
0204 : 770|14|216
0205 : 735|15|250
0206 : 725|20|255
0207 : 742|19|239
0208 : 682|16|302
0209 : 728|20|252
0210 : 716|14|270
0211 : 740|18|242
0212 : 698|14|288
0213 : 821|10|169
0214 : 725|25|250
0215 : 705|17|278
0216 : 744|19|237
0217 : 709|9|282
0218 : 725|17|258
0219 : 703|18|279
0220 : 693|17|290
0221 : 706|15|279
0222 : 689|17|294
0223 : 756|15|229
0224 : 732|7|261
0225 : 670|17|313
0226 : 775|14|211
0227 : 708|14|278
0228 : 751|15|234
0229 : 725|17|258
0230 : 698|15|287
0231 : 727|14|259
0232 : 740|14|246
0233 : 718|23|259
0234 : 715|13|272
0235 : 716|19|265
0236 : 693|13|294
0237 : 662|20|318
0238 : 709|18|273
0239 : 766|15|219
0240 : 721|19|260
0241 : 672|20|308
0242 : 685|14|301
0243 : 624|18|358
0244 : 686|18|296
0245 : 681|18|301
0246 : 705|19|276
0247 : 681|10|309
0248 : 660|14|326
0249 : 659|15|326
0250 : 740|21|239
0251 : 713|15|272
0252 : 689|21|290
0253 : 690|15|295
0254 : 662|14|324
0255 : 664|25|311
0256 : 712|13|275
0257 : 698|27|275
0258 : 678|15|307
0259 : 695|11|294
0260 : 645|16|339
0261 : 620|18|362
0262 : 639|19|342
0263 : 620|15|365
0264 : 618|14|368
0265 : 756|12|232
0266 : 721|17|262
0267 : 716|13|271
0268 : 666|16|318
0269 : 706|17|277
0270 : 676|22|302
0271 : 601|18|381
0272 : 648|15|337
0273 : 642|21|337
0274 : 678|20|302
0275 : 629|22|349
0276 : 654|15|331
0277 : 654|23|323
0278 : 630|25|345
0279 : 652|17|331
0280 : 623|21|356
0281 : 653|11|336
0282 : 623|18|359
0283 : 532|19|449
0284 : 670|18|312
0285 : 661|22|317
0286 : 647|16|337
0287 : 564|16|420
0288 : 610|24|366
0289 : 572|25|403
0290 : 640|18|342
0291 : 612|24|364
0292 : 581|22|397
0293 : 617|17|366
0294 : 623|17|360
0295 : 595|20|385
0296 : 632|13|355
0297 : 598|16|386
0298 : 568|21|411
0299 : 636|19|345
0300 : 546|27|427
0301 : 634|19|347
0302 : 543|26|431
0303 : 610|24|366
0304 : 606|23|371
0305 : 629|21|350
0306 : 617|19|364
0307 : 604|21|375
0308 : 613|23|364
0309 : 615|15|370
0310 : 584|21|395
0311 : 559|19|422
0312 : 526|17|457
0313 : 635|15|350
0314 : 587|21|392
0315 : 561|18|421
0316 : 580|25|395
0317 : 501|32|467
0318 : 570|17|413
0319 : 602|21|377
0320 : 522|27|451
0321 : 588|7|405
0322 : 517|25|458
0323 : 520|19|461
0324 : 525|21|454
0325 : 544|18|438
0326 : 451|35|514
0327 : 559|24|417
0328 : 565|16|419
0329 : 526|16|458
0330 : 535|19|446
0331 : 537|21|442
0332 : 491|30|479
0333 : 521|23|456
0334 : 482|31|487
0335 : 539|24|437
0336 : 587|29|384
0337 : 448|24|528
0338 : 474|19|507
0339 : 487|16|497
0340 : 491|27|482
0341 : 487|21|492
0342 : 519|20|461
0343 : 489|28|483
0344 : 475|18|507
0345 : 465|33|502
0346 : 538|19|443
0347 : 458|25|517
0348 : 519|22|459
0349 : 384|24|592
0350 : 500|31|469
0351 : 470|19|511
0352 : 488|21|491
0353 : 479|28|493
0354 : 456|33|511
0355 : 530|20|450
0356 : 498|25|477
0357 : 465|18|517
0358 : 430|27|543
0359 : 472|34|494
0360 : 404|17|579
0361 : 508|26|466
0362 : 482|26|492
0363 : 440|18|542
0364 : 404|28|568
0365 : 448|36|516
0366 : 451|23|526
0367 : 387|34|579
0368 : 438|35|527
0369 : 437|27|536
0370 : 437|29|534
0371 : 447|30|523
0372 : 418|29|553
0373 : 439|35|526
0374 : 394|30|576
0375 : 446|30|524
0376 : 381|33|586
0377 : 511|18|471
0378 : 443|32|525
0379 : 406|35|559
0380 : 510|17|473
0381 : 412|25|563
0382 : 388|26|586
0383 : 379|26|595
0384 : 444|24|532
0385 : 430|30|540
0386 : 445|36|519
0387 : 399|32|569
0388 : 381|24|595
0389 : 462|23|515
0390 : 339|25|636
0391 : 398|32|570
0392 : 410|36|554
0393 : 387|28|585
0394 : 497|24|479
0395 : 361|27|612
0396 : 512|24|464
0397 : 381|33|586
0398 : 441|24|535
0399 : 369|36|595
0400 : 453|14|533
0401 : 410|20|570
0402 : 415|26|559
0403 : 397|28|575
0404 : 428|28|544
0405 : 394|33|573
0406 : 424|26|550
0407 : 351|31|618
0408 : 338|31|631
0409 : 311|31|658
0410 : 391|33|576
0411 : 324|30|646
0412 : 351|32|617
0413 : 458|22|520
0414 : 328|36|636
0415 : 367|28|605
0416 : 375|25|600
0417 : 331|38|631
0418 : 325|41|634
0419 : 343|32|625
0420 : 467|29|504
0421 : 340|31|629
0422 : 368|31|601
0423 : 379|38|583
0424 : 321|42|637
0425 : 282|42|676
0426 : 404|25|571
0427 : 314|34|652
0428 : 368|33|599
0429 : 378|27|595
0430 : 357|37|606
0431 : 340|29|631
0432 : 303|37|660
0433 : 295|49|656
0434 : 314|27|659
0435 : 369|27|604
0436 : 363|36|601
0437 : 331|39|630
0438 : 288|34|678
0439 : 285|37|678
0440 : 301|40|659
0441 : 298|38|664
0442 : 334|27|639
0443 : 315|41|644
0444 : 317|29|654
0445 : 371|21|608
0446 : 251|33|716
0447 : 266|38|696
0448 : 306|35|659
0449 : 234|45|721
0450 : 266|31|703
0451 : 344|27|629
0452 : 299|33|668
0453 : 422|26|552
0454 : 352|34|614
0455 : 286|29|685
0456 : 291|31|678
0457 : 323|26|651
0458 : 343|24|633
0459 : 347|31|622
0460 : 272|39|689
0461 : 303|35|662
0462 : 294|35|671
0463 : 384|28|588
0464 : 330|27|643
0465 : 260|44|696
0466 : 300|29|671
0467 : 291|35|674
0468 : 224|33|743
0469 : 319|35|646
0470 : 319|32|649
0471 : 398|20|582
0472 : 308|33|659
0473 : 285|28|687
0474 : 337|29|634
0475 : 264|50|686
0476 : 211|46|743
0477 : 211|43|746
0478 : 301|41|658
0479 : 331|33|636
0480 : 286|40|674
0481 : 219|50|731
0482 : 214|44|742
0483 : 234|33|733
0484 : 196|31|773
0485 : 256|47|697
0486 : 214|42|744
0487 : 233|39|728
0488 : 330|32|638
0489 : 247|31|722
0490 : 289|34|677
0491 : 261|36|703
0492 : 254|35|711
0493 : 232|37|731
0494 : 278|48|674
0495 : 236|38|726
0496 : 317|28|655
0497 : 276|27|697
0498 : 244|36|720
0499 : 314|33|653
0500 : 232|34|734
0501 : 248|50|702
0502 : 278|38|684
0503 : 271|43|686
0504 : 231|42|727
0505 : 218|58|724
0506 : 212|39|749
0507 : 272|27|701
0508 : 211|51|738
0509 : 246|47|707
0510 : 262|44|694
0511 : 250|32|718
0512 : 190|30|780
0513 : 231|39|730
0514 : 245|31|724
0515 : 303|33|664
0516 : 226|35|739
0517 : 204|37|759
0518 : 223|47|730
0519 : 251|52|697
0520 : 253|49|698
0521 : 210|44|746
0522 : 296|32|672
0523 : 225|37|738
0524 : 243|46|711
0525 : 201|54|745
0526 : 215|38|747
0527 : 200|37|763
0528 : 237|39|724
0529 : 243|42|715
0530 : 215|43|742
0531 : 303|39|658
0532 : 208|34|758
0533 : 225|46|729
0534 : 201|52|747
0535 : 210|44|746
0536 : 224|47|729
0537 : 205|32|763
0538 : 192|30|778
0539 : 200|55|745
0540 : 218|44|738
0541 : 212|50|738
0542 : 235|48|717
0543 : 174|46|780
0544 : 225|31|744
0545 : 209|42|749
0546 : 201|43|756
0547 : 226|47|727
0548 : 196|58|746
0549 : 202|46|752
0550 : 220|48|732
0551 : 252|46|702
0552 : 193|51|756
0553 : 177|53|770
0554 : 215|35|750
0555 : 187|45|768
0556 : 239|43|718
0557 : 196|59|745
0558 : 199|37|764
0559 : 220|40|740
0560 : 198|53|749
0561 : 196|38|766
0562 : 212|46|742
0563 : 221|31|748
0564 : 193|38|769
0565 : 264|37|699
0566 : 205|36|759
0567 : 223|33|744
0568 : 230|53|717
0569 : 232|43|725
0570 : 214|49|737
0571 : 165|50|785
0572 : 155|47|798
0573 : 161|45|794
0574 : 155|66|779
0575 : 180|56|764
0576 : 203|40|757
0577 : 216|40|744
0578 : 171|51|778
0579 : 154|40|806
0580 : 180|37|783
0581 : 240|51|709
0582 : 193|46|761
0583 : 202|31|767
0584 : 203|49|748
0585 : 175|48|777
0586 : 182|46|772
0587 : 181|51|768
0588 : 211|41|748
0589 : 238|35|727
0590 : 228|48|724
0591 : 215|45|740
0592 : 170|54|776
0593 : 157|43|800
0594 : 221|45|734
0595 : 264|31|705
0596 : 219|37|744
0597 : 209|46|745
0598 : 318|42|640
0599 : 211|37|752
0600 : 241|36|723
