0001 : 958|0|42
0002 : 400|2|598
0003 : 220|4|776
0004 : 302|8|690
0005 : 227|8|765
0006 : 349|8|643
0007 : 267|12|721
0008 : 150|18|832
0009 : 109|18|873
0010 : 65|14|921
0011 : 31|26|943
0012 : 34|19|947
0013 : 4|14|982
0014 : 5|17|978
0015 : 11|29|960
0016 : 0|24|976
0017 : 1|32|967
0018 : 2|20|978
0019 : 1|39|960
0020 : 2|32|966
0021 : 4|37|959
0022 : 2|28|970
0023 : 0|30|970
0024 : 0|30|970
0025 : 0|33|967
0026 : 0|44|956
0027 : 1|29|970
0028 : 0|38|962
0029 : 0|41|959
0030 : 4|43|953
0031 : 0|33|967
0032 : 0|39|961
0033 : 0|38|962
0034 : 0|46|954
0035 : 0|45|955
0036 : 1|47|952
0037 : 0|35|965
0038 : 0|52|948
0039 : 0|58|942
0040 : 0|29|971
0041 : 0|49|951
0042 : 0|32|968
0043 : 0|43|957
0044 : 0|43|957
0045 : 0|67|933
0046 : 0|57|943
0047 : 2|58|940
0048 : 0|58|942
0049 : 0|51|949
0050 : 0|52|948
0051 : 0|50|950
0052 : 0|58|942
0053 : 0|49|951
0054 : 11|52|937
0055 : 0|48|952
0056 : 0|41|959
0057 : 0|46|954
0058 : 0|43|957
0059 : 0|69|931
0060 : 0|57|943
0061 : 0|58|942
0062 : 0|54|946
0063 : 0|61|939
0064 : 0|52|948
0065 : 0|56|944
0066 : 0|47|953
0067 : 0|59|941
0068 : 0|68|932
0069 : 0|61|939
0070 : 0|56|944
0071 : 0|58|942
0072 : 0|59|941
0073 : 10|49|941
0074 : 0|43|957
0075 : 0|65|935
0076 : 0|59|941
0077 : 0|54|946
0078 : 0|56|944
0079 : 0|47|953
0080 : 0|68|932
0081 : 0|51|949
0082 : 0|52|948
0083 : 0|55|945
0084 : 0|72|928
0085 : 0|62|938
0086 : 0|68|932
0087 : 0|55|945
0088 : 0|67|933
0089 : 0|74|926
0090 : 0|71|929
0091 : 0|62|938
0092 : 0|64|936
0093 : 0|67|933
0094 : 0|84|916
0095 : 0|67|933
0096 : 0|67|933
0097 : 0|62|938
0098 : 0|86|914
0099 : 0|81|919
0100 : 0|64|936
0101 : 0|57|943
0102 : 0|80|920
0103 : 0|96|904
0104 : 0|89|911
0105 : 0|63|937
0106 : 0|58|942
0107 : 0|73|927
0108 : 0|62|938
0109 : 0|65|935
0110 : 0|59|941
0111 : 0|55|945
0112 : 0|56|944
0113 : 0|68|932
0114 : 0|68|932
0115 : 0|83|917
0116 : 3|65|932
0117 : 0|61|939
0118 : 0|59|941
0119 : 0|73|927
0120 : 0|62|938
0121 : 0|64|936
0122 : 0|71|929
0123 : 0|71|929
0124 : 0|86|914
0125 : 0|62|938
0126 : 0|78|922
0127 : 0|73|927
0128 : 0|66|934
0129 : 0|100|900
0130 : 0|71|929
0131 : 0|68|932
0132 : 0|75|925
0133 : 0|74|926
0134 : 0|63|937
0135 : 0|61|939
0136 : 0|68|932
0137 : 0|53|947
0138 : 0|69|931
0139 : 0|69|931
0140 : 0|65|935
0141 : 0|68|932
0142 : 0|62|938
0143 : 0|71|929
0144 : 0|83|917
0145 : 0|50|950
0146 : 0|52|948
0147 : 0|69|931
0148 : 0|64|936
0149 : 0|65|935
0150 : 0|73|927
0151 : 0|71|929
0152 : 0|67|933
0153 : 0|52|948
0154 : 0|58|942
0155 : 0|58|942
0156 : 0|39|961
0157 : 0|67|933
0158 : 0|76|924
0159 : 0|53|947
0160 : 0|40|960
0161 : 0|45|955
0162 : 0|80|920
0163 : 0|75|925
0164 : 0|83|917
0165 : 0|72|928
0166 : 0|73|927
0167 : 0|53|947
0168 : 0|79|921
0169 : 0|62|938
0170 : 0|64|936
0171 : 0|70|930
0172 : 0|80|920
0173 : 0|61|939
0174 : 0|64|936
0175 : 0|63|937
0176 : 0|61|939
0177 : 0|42|958
0178 : 0|73|927
0179 : 0|66|934
0180 : 0|79|921
0181 : 0|75|925
0182 : 0|68|932
0183 : 0|74|926
0184 : 0|71|929
0185 : 0|52|948
0186 : 0|56|944
0187 : 0|57|943
0188 : 0|49|951
0189 : 0|90|910
0190 : 0|70|930
0191 : 0|82|918
0192 : 0|73|927
0193 : 0|59|941
0194 : 0|91|909
0195 : 0|69|931
0196 : 0|93|907
0197 : 0|66|934
0198 : 0|55|945
0199 : 0|73|927
0200 : 0|49|951
0201 : 0|69|931
0202 : 0|68|932
0203 : 0|84|916
0204 : 0|74|926
0205 : 0|74|926
0206 : 0|70|930
0207 : 0|78|922
0208 : 0|68|932
0209 : 0|77|923
0210 : 0|70|930
0211 : 0|79|921
0212 : 0|84|916
0213 : 0|64|936
0214 : 0|79|921
0215 : 0|87|913
0216 : 0|54|946
0217 : 0|85|915
0218 : 0|56|944
0219 : 0|83|917
0220 : 0|75|925
0221 : 0|69|931
0222 : 0|79|921
0223 : 0|69|931
0224 : 0|71|929
0225 : 0|86|914
0226 : 0|80|920
0227 : 0|79|921
0228 : 0|73|927
0229 : 0|55|945
0230 : 0|69|931
0231 : 0|62|938
0232 : 0|63|937
0233 : 0|85|915
0234 : 0|57|943
0235 : 0|61|939
0236 : 0|73|927
0237 : 0|62|938
0238 : 0|71|929
0239 : 0|81|919
0240 : 0|73|927
0241 : 0|58|942
0242 : 0|79|921
0243 : 0|53|947
0244 : 0|66|934
0245 : 0|63|937
0246 : 0|72|928
0247 : 0|72|928
0248 : 0|89|911
0249 : 0|77|923
0250 : 0|65|935
0251 : 0|72|928
0252 : 0|83|917
0253 : 0|64|936
0254 : 0|91|909
0255 : 0|72|928
0256 : 0|88|912
0257 : 0|79|921
0258 : 0|60|940
0259 : 0|64|936
0260 : 0|64|936
0261 : 0|66|934
0262 : 0|51|949
0263 : 0|76|924
0264 : 0|77|923
0265 : 0|61|939
0266 : 0|72|928
0267 : 0|70|930
0268 : 0|63|937
0269 : 0|66|934
0270 : 0|80|920
0271 : 0|62|938
0272 : 0|77|923
0273 : 0|64|936
0274 : 0|61|939
0275 : 0|60|940
0276 : 0|56|944
0277 : 0|67|933
0278 : 0|81|919
0279 : 0|73|927
0280 : 0|63|937
0281 : 0|65|935
0282 : 0|94|906
0283 : 0|67|933
0284 : 0|68|932
0285 : 0|63|937
0286 : 0|78|922
0287 : 0|91|909
0288 : 0|64|936
0289 : 0|64|936
0290 : 0|66|934
0291 : 0|89|911
0292 : 0|49|951
0293 : 0|55|945
0294 : 0|74|926
0295 : 0|77|923
0296 : 0|82|918
0297 : 0|67|933
0298 : 0|73|927
0299 : 0|75|925
0300 : 0|56|944
0301 : 0|87|913
0302 : 0|67|933
0303 : 0|81|919
0304 : 0|57|943
0305 : 0|63|937
0306 : 0|67|933
0307 : 0|92|908
0308 : 0|84|916
0309 : 0|69|931
0310 : 0|92|908
0311 : 0|81|919
0312 : 0|61|939
0313 : 0|78|922
0314 : 0|59|941
0315 : 0|58|942
0316 : 0|78|922
0317 : 0|60|940
0318 : 0|90|910
0319 : 0|76|924
0320 : 0|67|933
0321 : 0|70|930
0322 : 0|70|930
0323 : 0|63|937
0324 : 0|63|937
0325 : 0|66|934
0326 : 0|53|947
0327 : 0|63|937
0328 : 0|74|926
0329 : 0|54|946
0330 : 0|78|922
0331 : 0|74|926
0332 : 0|77|923
0333 : 0|61|939
0334 : 0|69|931
0335 : 0|63|937
0336 : 0|67|933
0337 : 0|70|930
0338 : 0|81|919
0339 : 0|80|920
0340 : 0|65|935
0341 : 0|73|927
0342 : 0|89|911
0343 : 0|88|912
0344 : 0|64|936
0345 : 0|76|924
0346 : 0|70|930
0347 : 0|68|932
0348 : 0|90|910
0349 : 0|66|934
0350 : 0|72|928
0351 : 0|66|934
0352 : 0|57|943
0353 : 0|54|946
0354 : 0|58|942
0355 : 0|74|926
0356 : 0|72|928
0357 : 0|66|934
0358 : 0|73|927
0359 : 0|75|925
0360 : 0|70|930
0361 : 0|66|934
0362 : 0|90|910
0363 : 0|111|889
0364 : 0|62|938
0365 : 0|65|935
0366 : 0|68|932
0367 : 0|77|923
0368 : 0|72|928
0369 : 0|67|933
0370 : 0|68|932
0371 : 0|57|943
0372 : 0|61|939
0373 : 0|65|935
0374 : 0|67|933
0375 : 0|78|922
0376 : 0|75|925
0377 : 0|78|922
0378 : 0|68|932
0379 : 0|81|919
0380 : 0|93|907
0381 : 0|59|941
0382 : 0|60|940
0383 : 0|59|941
0384 : 0|62|938
0385 : 0|66|934
0386 : 0|66|934
0387 : 0|43|957
0388 : 0|60|940
0389 : 0|79|921
0390 : 0|99|901
0391 : 0|75|925
0392 : 0|55|945
0393 : 0|91|909
0394 : 0|70|930
0395 : 0|60|940
0396 : 0|78|922
0397 : 0|66|934
0398 : 0|72|928
0399 : 0|75|925
0400 : 0|74|926
0401 : 0|67|933
0402 : 0|52|948
0403 : 0|74|926
0404 : 0|63|937
0405 : 0|70|930
0406 : 0|66|934
0407 : 0|51|949
0408 : 0|74|926
0409 : 0|78|922
0410 : 0|78|922
0411 : 0|70|930
0412 : 0|72|928
0413 : 0|76|924
0414 : 0|85|915
0415 : 0|63|937
0416 : 0|65|935
0417 : 0|81|919
0418 : 0|61|939
0419 : 0|61|939
0420 : 0|68|932
0421 : 0|77|923
0422 : 0|90|910
0423 : 0|67|933
0424 : 0|67|933
0425 : 0|81|919
0426 : 0|72|928
0427 : 0|87|913
0428 : 0|60|940
0429 : 0|65|935
0430 : 0|71|929
0431 : 0|60|940
0432 : 0|56|944
0433 : 0|75|925
0434 : 0|74|926
0435 : 0|68|932
0436 : 0|81|919
0437 : 0|70|930
0438 : 0|63|937
0439 : 0|87|913
0440 : 0|75|925
0441 : 0|53|947
0442 : 0|82|918
0443 : 0|77|923
0444 : 0|60|940
0445 : 0|72|928
0446 : 0|90|910
0447 : 0|67|933
0448 : 0|79|921
0449 : 0|76|924
0450 : 0|93|907
0451 : 0|72|928
0452 : 0|70|930
0453 : 0|68|932
0454 : 0|76|924
0455 : 0|78|922
0456 : 0|70|930
0457 : 0|55|945
0458 : 0|70|930
0459 : 0|59|941
0460 : 0|69|931
0461 : 0|71|929
0462 : 0|69|931
0463 : 0|74|926
0464 : 0|64|936
0465 : 0|64|936
0466 : 0|88|912
0467 : 0|77|923
0468 : 0|65|935
0469 : 0|61|939
0470 : 0|71|929
0471 : 0|69|931
0472 : 0|62|938
0473 : 0|64|936
0474 : 0|66|934
0475 : 0|78|922
0476 : 0|76|924
0477 : 0|89|911
0478 : 0|68|932
0479 : 0|74|926
0480 : 0|80|920
0481 : 0|99|901
0482 : 0|64|936
0483 : 0|64|936
0484 : 0|68|932
0485 : 0|71|929
0486 : 0|63|937
0487 : 0|63|937
0488 : 0|48|952
0489 : 0|61|939
0490 : 0|63|937
0491 : 0|75|925
0492 : 0|74|926
0493 : 0|71|929
0494 : 0|67|933
0495 : 0|61|939
0496 : 0|51|949
0497 : 0|76|924
0498 : 0|72|928
0499 : 0|76|924
0500 : 0|86|914
0501 : 0|61|939
0502 : 0|64|936
0503 : 0|60|940
0504 : 0|84|916
0505 : 0|55|945
0506 : 0|63|937
0507 : 0|75|925
0508 : 0|68|932
0509 : 0|83|917
0510 : 0|77|923
0511 : 0|58|942
0512 : 0|66|934
0513 : 0|61|939
0514 : 0|57|943
0515 : 0|62|938
0516 : 0|77|923
0517 : 0|60|940
0518 : 0|69|931
0519 : 0|78|922
0520 : 0|70|930
0521 : 0|59|941
0522 : 0|65|935
0523 : 0|70|930
0524 : 0|52|948
0525 : 0|71|929
0526 : 0|54|946
0527 : 0|58|942
0528 : 0|79|921
0529 : 0|70|930
0530 : 0|82|918
0531 : 0|61|939
0532 : 0|62|938
0533 : 0|104|896
0534 : 0|79|921
0535 : 0|81|919
0536 : 0|59|941
0537 : 0|83|917
0538 : 0|94|906
0539 : 0|95|905
0540 : 0|60|940
0541 : 0|76|924
0542 : 0|66|934
0543 : 0|82|918
0544 : 0|61|939
0545 : 0|77|923
0546 : 0|76|924
0547 : 0|57|943
0548 : 0|70|930
0549 : 0|85|915
0550 : 0|78|922
0551 : 0|63|937
0552 : 0|60|940
0553 : 0|68|932
0554 : 0|74|926
0555 : 0|59|941
0556 : 0|71|929
0557 : 0|55|945
0558 : 0|84|916
0559 : 0|77|923
0560 : 0|62|938
0561 : 0|56|944
0562 : 0|70|930
0563 : 0|73|927
0564 : 0|78|922
0565 : 0|62|938
0566 : 0|81|919
0567 : 0|72|928
0568 : 0|68|932
0569 : 0|81|919
0570 : 0|82|918
0571 : 0|68|932
0572 : 0|81|919
0573 : 0|80|920
0574 : 0|65|935
0575 : 0|68|932
0576 : 0|90|910
0577 : 0|68|932
0578 : 0|72|928
0579 : 0|73|927
0580 : 0|77|923
0581 : 0|62|938
0582 : 0|65|935
0583 : 0|88|912
0584 : 0|75|925
0585 : 0|77|923
0586 : 0|69|931
0587 : 0|61|939
0588 : 0|68|932
0589 : 0|53|947
0590 : 0|62|938
0591 : 0|75|925
0592 : 0|60|940
0593 : 0|65|935
0594 : 0|56|944
0595 : 0|71|929
0596 : 0|70|930
0597 : 0|72|928
0598 : 0|82|918
0599 : 0|69|931
0600 : 0|59|941
