0001 : 962|0|38
0002 : 698|1|301
0003 : 584|1|415
0004 : 538|1|461
0005 : 585|5|410
0006 : 552|5|443
0007 : 450|7|543
0008 : 387|10|603
0009 : 418|8|574
0010 : 247|14|739
0011 : 142|16|842
0012 : 188|11|801
0013 : 65|22|913
0014 : 32|16|952
0015 : 40|23|937
0016 : 36|34|930
0017 : 37|20|943
0018 : 92|29|879
0019 : 26|36|938
0020 : 17|21|962
0021 : 24|39|937
0022 : 13|32|955
0023 : 9|37|954
0024 : 13|41|946
0025 : 8|28|964
0026 : 6|49|945
0027 : 4|26|970
0028 : 3|32|965
0029 : 0|31|969
0030 : 1|43|956
0031 : 0|36|964
0032 : 18|33|949
0033 : 1|41|958
0034 : 0|44|956
0035 : 1|38|961
0036 : 0|33|967
0037 : 22|46|932
0038 : 2|41|957
0039 : 2|48|950
0040 : 0|56|944
0041 : 0|45|955
0042 : 0|58|942
0043 : 0|62|938
0044 : 0|36|964
0045 : 3|45|952
0046 : 0|54|946
0047 : 2|57|941
0048 : 0|35|965
0049 : 18|67|915
0050 : 0|59|941
0051 : 0|70|930
0052 : 0|52|948
0053 : 0|52|948
0054 : 0|38|962
0055 : 4|54|942
0056 : 0|52|948
0057 : 0|69|931
0058 : 23|73|904
0059 : 0|68|932
0060 : 0|69|931
0061 : 0|46|954
0062 : 0|71|929
0063 : 0|69|931
0064 : 0|64|936
0065 : 0|48|952
0066 : 0|59|941
0067 : 0|74|926
0068 : 0|62|938
0069 : 0|67|933
0070 : 0|43|957
0071 : 7|53|940
0072 : 1|74|925
0073 : 1|61|938
0074 : 0|50|950
0075 : 0|87|913
0076 : 0|78|922
0077 : 0|64|936
0078 : 0|67|933
0079 : 0|69|931
0080 : 0|58|942
0081 : 0|56|944
0082 : 0|60|940
0083 : 0|71|929
0084 : 0|54|946
0085 : 0|87|913
0086 : 0|65|935
0087 : 0|57|943
0088 : 0|65|935
0089 : 0|63|937
0090 : 1|53|946
0091 : 0|64|936
0092 : 0|73|927
0093 : 18|72|910
0094 : 0|66|934
0095 : 0|63|937
0096 : 0|66|934
0097 : 22|74|904
0098 : 0|53|947
0099 : 0|55|945
0100 : 0|62|938
0101 : 1|57|942
0102 : 0|59|941
0103 : 0|68|932
0104 : 0|67|933
0105 : 0|61|939
0106 : 0|73|927
0107 : 11|69|920
0108 : 0|89|911
0109 : 0|64|936
0110 : 0|77|923
0111 : 0|62|938
0112 : 0|72|928
0113 : 0|59|941
0114 : 0|61|939
0115 : 0|82|918
0116 : 0|67|933
0117 : 0|78|922
0118 : 0|72|928
0119 : 0|77|923
0120 : 0|55|945
0121 : 0|66|934
0122 : 0|61|939
0123 : 0|78|922
0124 : 12|82|906
0125 : 0|64|936
0126 : 0|59|941
0127 : 0|70|930
0128 : 0|62|938
0129 : 0|68|932
0130 : 0|76|924
0131 : 0|71|929
0132 : 0|83|917
0133 : 0|89|911
0134 : 0|76|924
0135 : 0|75|925
0136 : 0|65|935
0137 : 0|74|926
0138 : 0|76|924
0139 : 0|64|936
0140 : 0|81|919
0141 : 0|78|922
0142 : 0|65|935
0143 : 0|53|947
0144 : 0|72|928
0145 : 0|65|935
0146 : 0|70|930
0147 : 0|84|916
0148 : 0|73|927
0149 : 0|58|942
0150 : 0|58|942
0151 : 2|80|918
0152 : 0|83|917
0153 : 0|73|927
0154 : 0|79|921
0155 : 0|72|928
0156 : 0|71|929
0157 : 0|77|923
0158 : 0|59|941
0159 : 0|59|941
0160 : 0|84|916
0161 : 0|61|939
0162 : 0|71|929
0163 : 0|70|930
0164 : 0|53|947
0165 : 0|67|933
0166 : 0|73|927
0167 : 0|65|935
0168 : 0|74|926
0169 : 0|58|942
0170 : 0|82|918
0171 : 0|66|934
0172 : 0|79|921
0173 : 0|65|935
0174 : 0|63|937
0175 : 0|82|918
0176 : 0|75|925
0177 : 0|72|928
0178 : 0|84|916
0179 : 0|76|924
0180 : 0|66|934
0181 : 0|67|933
0182 : 0|67|933
0183 : 0|53|947
0184 : 0|79|921
0185 : 0|72|928
0186 : 0|59|941
0187 : 0|67|933
0188 : 0|87|913
0189 : 0|63|937
0190 : 0|71|929
0191 : 0|80|920
0192 : 0|73|927
0193 : 0|69|931
0194 : 0|82|918
0195 : 0|70|930
0196 : 0|71|929
0197 : 0|64|936
0198 : 0|68|932
0199 : 0|77|923
0200 : 0|65|935
0201 : 0|69|931
0202 : 0|52|948
0203 : 0|73|927
0204 : 0|64|936
0205 : 0|64|936
0206 : 0|75|925
0207 : 0|75|925
0208 : 0|64|936
0209 : 0|68|932
0210 : 0|63|937
0211 : 2|64|934
0212 : 0|66|934
0213 : 0|61|939
0214 : 0|55|945
0215 : 0|75|925
0216 : 0|81|919
0217 : 0|79|921
0218 : 0|70|930
0219 : 0|69|931
0220 : 0|54|946
0221 : 0|56|944
0222 : 0|67|933
0223 : 0|68|932
0224 : 0|66|934
0225 : 0|80|920
0226 : 0|80|920
0227 : 0|73|927
0228 : 0|69|931
0229 : 0|76|924
0230 : 0|57|943
0231 : 0|73|927
0232 : 0|67|933
0233 : 0|50|950
0234 : 0|74|926
0235 : 0|70|930
0236 : 0|73|927
0237 : 0|66|934
0238 : 0|55|945
0239 : 0|69|931
0240 : 0|75|925
0241 : 0|64|936
0242 : 0|71|929
0243 : 0|48|952
0244 : 0|70|930
0245 : 0|65|935
0246 : 0|72|928
0247 : 0|46|954
0248 : 0|59|941
0249 : 0|53|947
0250 : 0|68|932
0251 : 0|63|937
0252 : 0|52|948
0253 : 0|76|924
0254 : 0|85|915
0255 : 0|68|932
0256 : 0|61|939
0257 : 0|90|910
0258 : 0|64|936
0259 : 0|62|938
0260 : 0|82|918
0261 : 0|74|926
0262 : 0|59|941
0263 : 0|60|940
0264 : 0|71|929
0265 : 0|72|928
0266 : 0|71|929
0267 : 0|60|940
0268 : 0|67|933
0269 : 0|66|934
0270 : 0|74|926
0271 : 0|74|926
0272 : 0|64|936
0273 : 0|79|921
0274 : 0|68|932
0275 : 0|63|937
0276 : 0|60|940
0277 : 0|79|921
0278 : 0|85|915
0279 : 0|57|943
0280 : 0|73|927
0281 : 0|60|940
0282 : 0|75|925
0283 : 0|84|916
0284 : 0|73|927
0285 : 0|74|926
0286 : 0|71|929
0287 : 0|73|927
0288 : 0|63|937
0289 : 0|70|930
0290 : 0|76|924
0291 : 0|71|929
0292 : 0|93|907
0293 : 0|80|920
0294 : 0|69|931
0295 : 0|61|939
0296 : 0|70|930
0297 : 0|90|910
0298 : 0|81|919
0299 : 0|76|924
0300 : 0|80|920
0301 : 0|68|932
0302 : 0|78|922
0303 : 0|62|938
0304 : 0|68|932
0305 : 0|72|928
0306 : 0|68|932
0307 : 0|60|940
0308 : 0|86|914
0309 : 0|56|944
0310 : 0|72|928
0311 : 0|67|933
0312 : 0|68|932
0313 : 0|74|926
0314 : 0|71|929
0315 : 0|61|939
0316 : 0|74|926
0317 : 0|58|942
0318 : 0|77|923
0319 : 0|70|930
0320 : 0|52|948
0321 : 0|71|929
0322 : 0|64|936
0323 : 0|63|937
0324 : 0|74|926
0325 : 0|81|919
0326 : 0|71|929
0327 : 0|80|920
0328 : 0|68|932
0329 : 0|59|941
0330 : 0|70|930
0331 : 0|64|936
0332 : 0|74|926
0333 : 0|63|937
0334 : 0|64|936
0335 : 0|63|937
0336 : 0|72|928
0337 : 0|73|927
0338 : 0|86|914
0339 : 0|69|931
0340 : 0|61|939
0341 : 0|74|926
0342 : 0|62|938
0343 : 0|80|920
0344 : 0|81|919
0345 : 0|68|932
0346 : 0|55|945
0347 : 0|71|929
0348 : 0|77|923
0349 : 0|85|915
0350 : 0|71|929
0351 : 0|73|927
0352 : 0|76|924
0353 : 0|78|922
0354 : 0|77|923
0355 : 0|73|927
0356 : 0|76|924
0357 : 0|77|923
0358 : 0|63|937
0359 : 0|69|931
0360 : 0|69|931
0361 : 0|87|913
0362 : 0|60|940
0363 : 0|72|928
0364 : 0|67|933
0365 : 0|69|931
0366 : 0|65|935
0367 : 0|65|935
0368 : 0|65|935
0369 : 0|64|936
0370 : 0|80|920
0371 : 0|62|938
0372 : 0|69|931
0373 : 0|66|934
0374 : 0|76|924
0375 : 0|62|938
0376 : 0|69|931
0377 : 0|66|934
0378 : 0|70|930
0379 : 0|79|921
0380 : 0|81|919
0381 : 0|64|936
0382 : 0|66|934
0383 : 0|61|939
0384 : 0|75|925
0385 : 0|65|935
0386 : 0|82|918
0387 : 0|73|927
0388 : 0|59|941
0389 : 0|69|931
0390 : 0|62|938
0391 : 0|65|935
0392 : 0|78|922
0393 : 0|82|918
0394 : 0|63|937
0395 : 0|71|929
0396 : 0|57|943
0397 : 0|76|924
0398 : 0|74|926
0399 : 0|71|929
0400 : 0|70|930
0401 : 0|75|925
0402 : 0|77|923
0403 : 0|69|931
0404 : 0|83|917
0405 : 0|65|935
0406 : 0|73|927
0407 : 0|74|926
0408 : 0|65|935
0409 : 0|76|924
0410 : 0|73|927
0411 : 0|78|922
0412 : 0|70|930
0413 : 0|72|928
0414 : 0|71|929
0415 : 0|65|935
0416 : 0|69|931
0417 : 0|68|932
0418 : 0|70|930
0419 : 0|86|914
0420 : 0|68|932
0421 : 0|91|909
0422 : 0|67|933
0423 : 0|64|936
0424 : 0|68|932
0425 : 0|76|924
0426 : 0|65|935
0427 : 0|63|937
0428 : 0|77|923
0429 : 0|60|940
0430 : 0|77|923
0431 : 0|79|921
0432 : 0|61|939
0433 : 0|66|934
0434 : 0|66|934
0435 : 0|68|932
0436 : 0|63|937
0437 : 0|80|920
0438 : 0|66|934
0439 : 0|72|928
0440 : 0|55|945
0441 : 0|65|935
0442 : 0|67|933
0443 : 0|61|939
0444 : 0|59|941
0445 : 0|63|937
0446 : 0|80|920
0447 : 0|85|915
0448 : 0|69|931
0449 : 0|60|940
0450 : 0|61|939
0451 : 0|54|946
0452 : 0|70|930
0453 : 0|75|925
0454 : 0|81|919
0455 : 0|90|910
0456 : 0|63|937
0457 : 0|74|926
0458 : 0|64|936
0459 : 0|73|927
0460 : 0|55|945
0461 : 0|67|933
0462 : 0|88|912
0463 : 0|70|930
0464 : 0|74|926
0465 : 0|89|911
0466 : 0|71|929
0467 : 0|78|922
0468 : 0|62|938
0469 : 0|63|937
0470 : 0|76|924
0471 : 0|72|928
0472 : 0|66|934
0473 : 0|75|925
0474 : 0|69|931
0475 : 0|89|911
0476 : 0|58|942
0477 : 0|71|929
0478 : 0|77|923
0479 : 0|64|936
0480 : 0|68|932
0481 : 0|71|929
0482 : 0|61|939
0483 : 0|65|935
0484 : 0|64|936
0485 : 0|85|915
0486 : 0|73|927
0487 : 0|70|930
0488 : 0|60|940
0489 : 0|71|929
0490 : 0|66|934
0491 : 0|68|932
0492 : 0|60|940
0493 : 0|69|931
0494 : 0|72|928
0495 : 0|70|930
0496 : 0|67|933
0497 : 0|60|940
0498 : 0|66|934
0499 : 0|71|929
0500 : 0|75|925
0501 : 0|71|929
0502 : 0|79|921
0503 : 0|73|927
0504 : 0|49|951
0505 : 0|69|931
0506 : 0|64|936
0507 : 0|56|944
0508 : 0|69|931
0509 : 0|69|931
0510 : 0|69|931
0511 : 0|80|920
0512 : 0|83|917
0513 : 0|72|928
0514 : 0|71|929
0515 : 0|68|932
0516 : 0|80|920
0517 : 0|79|921
0518 : 0|89|911
0519 : 0|78|922
0520 : 0|76|924
0521 : 0|79|921
0522 : 0|74|926
0523 : 0|66|934
0524 : 0|64|936
0525 : 0|74|926
0526 : 0|48|952
0527 : 0|61|939
0528 : 0|79|921
0529 : 0|83|917
0530 : 0|69|931
0531 : 0|74|926
0532 : 0|76|924
0533 : 0|68|932
0534 : 0|62|938
0535 : 0|60|940
0536 : 0|72|928
0537 : 0|62|938
0538 : 0|66|934
0539 : 0|80|920
0540 : 0|78|922
0541 : 0|72|928
0542 : 0|80|920
0543 : 0|79|921
0544 : 0|65|935
0545 : 0|66|934
0546 : 0|65|935
0547 : 0|65|935
0548 : 0|69|931
0549 : 0|69|931
0550 : 0|67|933
0551 : 0|81|919
0552 : 0|64|936
0553 : 0|93|907
0554 : 0|63|937
0555 : 0|83|917
0556 : 0|70|930
0557 : 0|79|921
0558 : 0|75|925
0559 : 0|69|931
0560 : 0|73|927
0561 : 0|60|940
0562 : 0|82|918
0563 : 0|74|926
0564 : 0|86|914
0565 : 0|70|930
0566 : 0|89|911
0567 : 0|64|936
0568 : 0|70|930
0569 : 0|65|935
0570 : 0|76|924
0571 : 0|75|925
0572 : 0|57|943
0573 : 0|69|931
0574 : 0|53|947
0575 : 0|86|914
0576 : 0|77|923
0577 : 0|55|945
0578 : 0|65|935
0579 : 0|61|939
0580 : 0|70|930
0581 : 0|65|935
0582 : 0|64|936
0583 : 0|66|934
0584 : 0|73|927
0585 : 0|68|932
0586 : 0|63|937
0587 : 0|74|926
0588 : 0|80|920
0589 : 0|72|928
0590 : 0|72|928
0591 : 0|80|920
0592 : 0|70|930
0593 : 0|81|919
0594 : 0|73|927
0595 : 0|78|922
0596 : 0|61|939
0597 : 0|68|932
0598 : 0|77|923
0599 : 0|74|926
0600 : 0|88|912
