0001 : 956|0|44
0002 : 777|0|223
0003 : 700|0|300
0004 : 355|5|640
0005 : 398|17|585
0006 : 330|10|660
0007 : 321|12|667
0008 : 238|6|756
0009 : 158|6|836
0010 : 83|14|903
0011 : 73|13|914
0012 : 36|19|945
0013 : 13|17|970
0014 : 5|21|974
0015 : 7|25|968
0016 : 4|30|966
0017 : 0|23|977
0018 : 1|33|966
0019 : 1|31|968
0020 : 0|32|968
0021 : 2|33|965
0022 : 0|59|941
0023 : 0|49|951
0024 : 2|49|949
0025 : 1|32|967
0026 : 0|45|955
0027 : 4|49|947
0028 : 29|50|921
0029 : 0|36|964
0030 : 0|31|969
0031 : 0|36|964
0032 : 5|37|958
0033 : 0|43|957
0034 : 2|59|939
0035 : 0|45|955
0036 : 0|45|955
0037 : 0|46|954
0038 : 0|47|953
0039 : 0|31|969
0040 : 1|37|962
0041 : 1|37|962
0042 : 0|44|956
0043 : 0|45|955
0044 : 0|38|962
0045 : 0|63|937
0046 : 0|42|958
0047 : 0|49|951
0048 : 0|56|944
0049 : 0|33|967
0050 : 20|32|948
0051 : 0|40|960
0052 : 0|63|937
0053 : 0|53|947
0054 : 0|54|946
0055 : 0|73|927
0056 : 0|43|957
0057 : 0|57|943
0058 : 0|52|948
0059 : 0|35|965
0060 : 0|50|950
0061 : 0|63|937
0062 : 0|48|952
0063 : 0|48|952
0064 : 0|42|958
0065 : 0|61|939
0066 : 0|51|949
0067 : 0|43|957
0068 : 0|47|953
0069 : 0|56|944
0070 : 0|46|954
0071 : 0|51|949
0072 : 0|43|957
0073 : 0|49|951
0074 : 0|50|950
0075 : 0|58|942
0076 : 0|34|966
0077 : 0|59|941
0078 : 0|56|944
0079 : 0|48|952
0080 : 0|60|940
0081 : 0|55|945
0082 : 0|69|931
0083 : 0|39|961
0084 : 0|56|944
0085 : 0|67|933
0086 : 0|48|952
0087 : 0|57|943
0088 : 0|61|939
0089 : 0|87|913
0090 : 0|47|953
0091 : 0|57|943
0092 : 0|45|955
0093 : 0|61|939
0094 : 0|61|939
0095 : 0|64|936
0096 : 0|39|961
0097 : 0|59|941
0098 : 0|61|939
0099 : 0|64|936
0100 : 0|58|942
0101 : 0|54|946
0102 : 0|52|948
0103 : 0|67|933
0104 : 0|58|942
0105 : 0|54|946
0106 : 0|46|954
0107 : 0|75|925
0108 : 0|57|943
0109 : 0|62|938
0110 : 0|71|929
0111 : 0|59|941
0112 : 0|76|924
0113 : 0|64|936
0114 : 0|60|940
0115 : 0|60|940
0116 : 0|47|953
0117 : 0|55|945
0118 : 0|57|943
0119 : 0|63|937
0120 : 0|79|921
0121 : 0|60|940
0122 : 0|55|945
0123 : 0|71|929
0124 : 0|65|935
0125 : 0|36|964
0126 : 0|58|942
0127 : 0|72|928
0128 : 0|83|917
0129 : 0|58|942
0130 : 0|64|936
0131 : 0|58|942
0132 : 2|84|914
0133 : 0|65|935
0134 : 0|74|926
0135 : 0|72|928
0136 : 0|59|941
0137 : 0|75|925
0138 : 0|63|937
0139 : 0|64|936
0140 : 0|65|935
0141 : 0|67|933
0142 : 0|79|921
0143 : 0|59|941
0144 : 0|58|942
0145 : 0|73|927
0146 : 0|74|926
0147 : 0|59|941
0148 : 0|71|929
0149 : 0|46|954
0150 : 0|77|923
0151 : 0|74|926
0152 : 0|77|923
0153 : 0|72|928
0154 : 0|56|944
0155 : 0|95|905
0156 : 0|71|929
0157 : 0|79|921
0158 : 0|71|929
0159 : 0|69|931
0160 : 0|81|919
0161 : 0|58|942
0162 : 0|75|925
0163 : 0|84|916
0164 : 0|58|942
0165 : 0|56|944
0166 : 0|60|940
0167 : 0|64|936
0168 : 0|60|940
0169 : 0|54|946
0170 : 0|69|931
0171 : 0|66|934
0172 : 0|82|918
0173 : 0|66|934
0174 : 0|49|951
0175 : 0|67|933
0176 : 0|70|930
0177 : 0|82|918
0178 : 0|82|918
0179 : 0|62|938
0180 : 0|71|929
0181 : 0|80|920
0182 : 0|91|909
0183 : 0|92|908
0184 : 0|76|924
0185 : 0|86|914
0186 : 0|76|924
0187 : 0|66|934
0188 : 0|92|908
0189 : 0|86|914
0190 : 0|70|930
0191 : 0|64|936
0192 : 0|65|935
0193 : 0|73|927
0194 : 0|76|924
0195 : 0|59|941
0196 : 0|76|924
0197 : 0|97|903
0198 : 0|78|922
0199 : 0|78|922
0200 : 0|73|927
0201 : 0|64|936
0202 : 0|86|914
0203 : 0|68|932
0204 : 0|60|940
0205 : 0|73|927
0206 : 0|50|950
0207 : 0|74|926
0208 : 0|79|921
0209 : 0|79|921
0210 : 0|57|943
0211 : 0|61|939
0212 : 0|82|918
0213 : 0|76|924
0214 : 0|98|902
0215 : 0|98|902
0216 : 0|88|912
0217 : 0|70|930
0218 : 0|78|922
0219 : 0|71|929
0220 : 0|66|934
0221 : 0|71|929
0222 : 0|68|932
0223 : 0|58|942
0224 : 0|76|924
0225 : 0|52|948
0226 : 0|61|939
0227 : 0|65|935
0228 : 0|121|879
0229 : 0|79|921
0230 : 0|65|935
0231 : 0|74|926
0232 : 0|64|936
0233 : 0|63|937
0234 : 0|64|936
0235 : 0|76|924
0236 : 0|73|927
0237 : 0|70|930
0238 : 0|57|943
0239 : 0|69|931
0240 : 0|62|938
0241 : 0|85|915
0242 : 0|64|936
0243 : 0|85|915
0244 : 0|87|913
0245 : 0|80|920
0246 : 0|74|926
0247 : 0|97|903
0248 : 0|72|928
0249 : 0|64|936
0250 : 0|79|921
0251 : 0|69|931
0252 : 0|57|943
0253 : 0|67|933
0254 : 0|76|924
0255 : 0|83|917
0256 : 0|74|926
0257 : 0|74|926
0258 : 0|83|917
0259 : 0|59|941
0260 : 0|76|924
0261 : 0|82|918
0262 : 0|73|927
0263 : 0|80|920
0264 : 0|76|924
0265 : 0|90|910
0266 : 0|69|931
0267 : 0|86|914
0268 : 0|89|911
0269 : 0|67|933
0270 : 0|68|932
0271 : 0|70|930
0272 : 0|84|916
0273 : 0|68|932
0274 : 0|78|922
0275 : 0|73|927
0276 : 0|95|905
0277 : 0|68|932
0278 : 0|84|916
0279 : 0|77|923
0280 : 0|69|931
0281 : 0|67|933
0282 : 0|80|920
0283 : 0|85|915
0284 : 0|66|934
0285 : 0|71|929
0286 : 0|90|910
0287 : 0|65|935
0288 : 0|59|941
0289 : 0|64|936
0290 : 0|84|916
0291 : 0|66|934
0292 : 0|61|939
0293 : 0|95|905
0294 : 0|78|922
0295 : 0|75|925
0296 : 0|67|933
0297 : 0|79|921
0298 : 0|65|935
0299 : 0|57|943
0300 : 0|78|922
0301 : 0|77|923
0302 : 0|84|916
0303 : 0|75|925
0304 : 0|73|927
0305 : 0|80|920
0306 : 0|79|921
0307 : 0|73|927
0308 : 0|64|936
0309 : 0|76|924
0310 : 0|76|924
0311 : 0|70|930
0312 : 0|75|925
0313 : 0|75|925
0314 : 0|60|940
0315 : 0|67|933
0316 : 0|73|927
0317 : 0|66|934
0318 : 0|74|926
0319 : 0|79|921
0320 : 0|72|928
0321 : 0|72|928
0322 : 0|61|939
0323 : 0|82|918
0324 : 0|64|936
0325 : 0|94|906
0326 : 0|62|938
0327 : 0|75|925
0328 : 0|69|931
0329 : 0|58|942
0330 : 0|70|930
0331 : 0|61|939
0332 : 0|52|948
0333 : 0|78|922
0334 : 0|75|925
0335 : 0|70|930
0336 : 0|87|913
0337 : 0|69|931
0338 : 0|76|924
0339 : 0|70|930
0340 : 0|78|922
0341 : 0|55|945
0342 : 0|84|916
0343 : 0|80|920
0344 : 0|79|921
0345 : 0|56|944
0346 : 0|79|921
0347 : 0|95|905
0348 : 0|86|914
0349 : 0|67|933
0350 : 0|83|917
0351 : 0|79|921
0352 : 0|74|926
0353 : 0|53|947
0354 : 0|66|934
0355 : 0|66|934
0356 : 0|63|937
0357 : 0|71|929
0358 : 0|58|942
0359 : 0|83|917
0360 : 0|71|929
0361 : 0|71|929
0362 : 0|80|920
0363 : 0|68|932
0364 : 0|77|923
0365 : 0|59|941
0366 : 0|85|915
0367 : 0|74|926
0368 : 0|73|927
0369 : 0|56|944
0370 : 0|63|937
0371 : 0|71|929
0372 : 0|58|942
0373 : 0|58|942
0374 : 0|78|922
0375 : 0|63|937
0376 : 0|86|914
0377 : 0|62|938
0378 : 0|52|948
0379 : 0|81|919
0380 : 0|64|936
0381 : 0|71|929
0382 : 0|70|930
0383 : 0|63|937
0384 : 0|72|928
0385 : 0|62|938
0386 : 0|84|916
0387 : 0|76|924
0388 : 0|59|941
0389 : 0|77|923
0390 : 0|78|922
0391 : 0|74|926
0392 : 0|68|932
0393 : 0|53|947
0394 : 0|63|937
0395 : 0|66|934
0396 : 0|62|938
0397 : 0|71|929
0398 : 0|65|935
0399 : 0|80|920
0400 : 0|84|916
0401 : 0|72|928
0402 : 0|60|940
0403 : 0|78|922
0404 : 0|80|920
0405 : 0|36|964
0406 : 0|61|939
0407 : 0|73|927
0408 : 0|72|928
0409 : 0|61|939
0410 : 0|60|940
0411 : 0|69|931
0412 : 0|64|936
0413 : 0|55|945
0414 : 0|61|939
0415 : 0|64|936
0416 : 0|72|928
0417 : 0|81|919
0418 : 0|77|923
0419 : 0|72|928
0420 : 0|69|931
0421 : 0|67|933
0422 : 0|59|941
0423 : 0|63|937
0424 : 0|86|914
0425 : 0|52|948
0426 : 0|78|922
0427 : 0|71|929
0428 : 0|71|929
0429 : 0|91|909
0430 : 0|75|925
0431 : 0|80|920
0432 : 0|54|946
0433 : 0|70|930
0434 : 0|83|917
0435 : 0|61|939
0436 : 0|64|936
0437 : 0|64|936
0438 : 0|69|931
0439 : 0|74|926
0440 : 0|58|942
0441 : 0|92|908
0442 : 0|60|940
0443 : 0|64|936
0444 : 0|67|933
0445 : 0|90|910
0446 : 0|70|930
0447 : 0|87|913
0448 : 0|88|912
0449 : 0|71|929
0450 : 0|68|932
0451 : 0|69|931
0452 : 0|86|914
0453 : 0|68|932
0454 : 0|56|944
0455 : 0|62|938
0456 : 0|69|931
0457 : 0|59|941
0458 : 0|74|926
0459 : 0|74|926
0460 : 0|81|919
0461 : 0|70|930
0462 : 0|63|937
0463 : 0|70|930
0464 : 0|85|915
0465 : 0|71|929
0466 : 0|64|936
0467 : 0|79|921
0468 : 0|64|936
0469 : 0|66|934
0470 : 0|58|942
0471 : 0|54|946
0472 : 0|65|935
0473 : 0|69|931
0474 : 0|61|939
0475 : 0|84|916
0476 : 0|77|923
0477 : 0|72|928
0478 : 0|70|930
0479 : 0|79|921
0480 : 0|81|919
0481 : 0|59|941
0482 : 0|84|916
0483 : 0|87|913
0484 : 0|83|917
0485 : 0|66|934
0486 : 0|73|927
0487 : 0|76|924
0488 : 0|53|947
0489 : 0|63|937
0490 : 0|55|945
0491 : 0|60|940
0492 : 0|51|949
0493 : 0|52|948
0494 : 0|64|936
0495 : 0|67|933
0496 : 0|59|941
0497 : 0|83|917
0498 : 0|71|929
0499 : 0|63|937
0500 : 0|69|931
0501 : 0|70|930
0502 : 0|86|914
0503 : 0|72|928
0504 : 0|52|948
0505 : 0|90|910
0506 : 0|75|925
0507 : 0|63|937
0508 : 0|63|937
0509 : 0|101|899
0510 : 0|71|929
0511 : 0|64|936
0512 : 0|72|928
0513 : 0|56|944
0514 : 0|85|915
0515 : 0|60|940
0516 : 0|66|934
0517 : 0|79|921
0518 : 0|63|937
0519 : 0|82|918
0520 : 0|53|947
0521 : 0|72|928
0522 : 0|88|912
0523 : 0|66|934
0524 : 0|87|913
0525 : 0|59|941
0526 : 0|65|935
0527 : 0|72|928
0528 : 0|76|924
0529 : 0|70|930
0530 : 0|60|940
0531 : 0|81|919
0532 : 0|75|925
0533 : 0|59|941
0534 : 0|53|947
0535 : 0|71|929
0536 : 0|67|933
0537 : 0|79|921
0538 : 0|62|938
0539 : 0|56|944
0540 : 0|77|923
0541 : 0|62|938
0542 : 0|70|930
0543 : 0|65|935
0544 : 0|74|926
0545 : 0|72|928
0546 : 0|69|931
0547 : 0|85|915
0548 : 0|56|944
0549 : 0|70|930
0550 : 0|71|929
0551 : 0|63|937
0552 : 0|70|930
0553 : 0|81|919
0554 : 0|67|933
0555 : 0|66|934
0556 : 0|61|939
0557 : 0|79|921
0558 : 0|87|913
0559 : 0|72|928
0560 : 0|48|952
0561 : 0|69|931
0562 : 0|75|925
0563 : 0|72|928
0564 : 0|77|923
0565 : 0|81|919
0566 : 0|68|932
0567 : 0|64|936
0568 : 0|72|928
0569 : 0|90|910
0570 : 0|66|934
0571 : 0|78|922
0572 : 0|77|923
0573 : 0|71|929
0574 : 0|60|940
0575 : 0|59|941
0576 : 0|67|933
0577 : 0|68|932
0578 : 0|94|906
0579 : 0|79|921
0580 : 0|71|929
0581 : 0|95|905
0582 : 0|52|948
0583 : 0|62|938
0584 : 0|75|925
0585 : 0|88|912
0586 : 0|75|925
0587 : 0|72|928
0588 : 0|74|926
0589 : 0|60|940
0590 : 0|74|926
0591 : 0|64|936
0592 : 0|48|952
0593 : 0|82|918
0594 : 0|79|921
0595 : 0|73|927
0596 : 0|61|939
0597 : 0|60|940
0598 : 0|81|919
0599 : 0|75|925
0600 : 0|62|938
