0001 : 960|1|39
0002 : 735|0|265
0003 : 515|0|485
0004 : 432|0|568
0005 : 497|1|502
0006 : 588|10|402
0007 : 598|2|400
0008 : 457|14|529
0009 : 189|17|794
0010 : 216|8|776
0011 : 121|18|861
0012 : 87|13|900
0013 : 71|20|909
0014 : 62|22|916
0015 : 38|16|946
0016 : 34|23|943
0017 : 5|25|970
0018 : 28|34|938
0019 : 28|33|939
0020 : 48|20|932
0021 : 14|28|958
0022 : 11|26|963
0023 : 33|17|950
0024 : 5|43|952
0025 : 11|39|950
0026 : 27|37|936
0027 : 14|51|935
0028 : 24|71|905
0029 : 3|27|970
0030 : 13|40|947
0031 : 4|57|939
0032 : 14|59|927
0033 : 2|43|955
0034 : 0|52|948
0035 : 6|62|932
0036 : 7|50|943
0037 : 4|37|959
0038 : 15|76|909
0039 : 0|49|951
0040 : 0|65|935
0041 : 20|79|901
0042 : 2|44|954
0043 : 3|65|932
0044 : 0|52|948
0045 : 0|51|949
0046 : 0|33|967
0047 : 0|51|949
0048 : 0|68|932
0049 : 0|40|960
0050 : 1|45|954
0051 : 0|60|940
0052 : 0|68|932
0053 : 0|55|945
0054 : 0|65|935
0055 : 0|53|947
0056 : 0|49|951
0057 : 0|57|943
0058 : 1|49|950
0059 : 0|81|919
0060 : 1|56|943
0061 : 0|64|936
0062 : 0|65|935
0063 : 0|69|931
0064 : 0|52|948
0065 : 0|49|951
0066 : 0|59|941
0067 : 0|59|941
0068 : 0|61|939
0069 : 0|84|916
0070 : 0|67|933
0071 : 0|59|941
0072 : 0|56|944
0073 : 0|64|936
0074 : 0|63|937
0075 : 0|77|923
0076 : 0|59|941
0077 : 0|64|936
0078 : 0|76|924
0079 : 0|62|938
0080 : 0|58|942
0081 : 0|64|936
0082 : 0|74|926
0083 : 0|52|948
0084 : 0|60|940
0085 : 2|53|945
0086 : 0|61|939
0087 : 0|81|919
0088 : 0|59|941
0089 : 0|47|953
0090 : 0|75|925
0091 : 0|66|934
0092 : 0|74|926
0093 : 0|61|939
0094 : 0|42|958
0095 : 0|56|944
0096 : 1|70|929
0097 : 0|65|935
0098 : 0|72|928
0099 : 0|70|930
0100 : 0|70|930
0101 : 0|73|927
0102 : 0|55|945
0103 : 0|69|931
0104 : 0|55|945
0105 : 0|57|943
0106 : 0|84|916
0107 : 0|77|923
0108 : 0|70|930
0109 : 0|62|938
0110 : 0|86|914
0111 : 0|84|916
0112 : 0|64|936
0113 : 0|72|928
0114 : 0|91|909
0115 : 0|66|934
0116 : 0|79|921
0117 : 0|63|937
0118 : 0|70|930
0119 : 0|81|919
0120 : 0|54|946
0121 : 0|63|937
0122 : 0|77|923
0123 : 0|75|925
0124 : 0|63|937
0125 : 0|77|923
0126 : 0|54|946
0127 : 0|70|930
0128 : 0|47|953
0129 : 0|69|931
0130 : 0|68|932
0131 : 0|73|927
0132 : 0|74|926
0133 : 0|63|937
0134 : 0|71|929
0135 : 0|96|904
0136 : 0|66|934
0137 : 0|54|946
0138 : 0|66|934
0139 : 0|51|949
0140 : 0|78|922
0141 : 0|70|930
0142 : 0|64|936
0143 : 0|75|925
0144 : 0|73|927
0145 : 0|87|913
0146 : 0|57|943
0147 : 0|72|928
0148 : 0|68|932
0149 : 0|81|919
0150 : 0|79|921
0151 : 0|68|932
0152 : 0|63|937
0153 : 0|68|932
0154 : 0|66|934
0155 : 0|92|908
0156 : 0|69|931
0157 : 0|73|927
0158 : 0|65|935
0159 : 0|70|930
0160 : 0|76|924
0161 : 0|70|930
0162 : 0|80|920
0163 : 0|64|936
0164 : 0|62|938
0165 : 0|70|930
0166 : 0|93|907
0167 : 0|60|940
0168 : 0|76|924
0169 : 0|73|927
0170 : 0|69|931
0171 : 0|79|921
0172 : 0|70|930
0173 : 0|78|922
0174 : 0|45|955
0175 : 0|79|921
0176 : 0|53|947
0177 : 0|55|945
0178 : 0|60|940
0179 : 0|80|920
0180 : 0|83|917
0181 : 0|73|927
0182 : 0|84|916
0183 : 0|76|924
0184 : 0|91|909
0185 : 0|58|942
0186 : 0|66|934
0187 : 0|55|945
0188 : 0|88|912
0189 : 0|67|933
0190 : 0|64|936
0191 : 0|81|919
0192 : 0|59|941
0193 : 0|64|936
0194 : 0|69|931
0195 : 0|70|930
0196 : 0|76|924
0197 : 0|77|923
0198 : 0|58|942
0199 : 0|70|930
0200 : 0|67|933
0201 : 0|61|939
0202 : 0|64|936
0203 : 0|77|923
0204 : 0|68|932
0205 : 0|67|933
0206 : 0|79|921
0207 : 0|70|930
0208 : 0|60|940
0209 : 0|64|936
0210 : 0|84|916
0211 : 0|64|936
0212 : 0|66|934
0213 : 0|83|917
0214 : 0|71|929
0215 : 0|84|916
0216 : 0|70|930
0217 : 0|73|927
0218 : 0|66|934
0219 : 0|58|942
0220 : 0|72|928
0221 : 0|58|942
0222 : 0|54|946
0223 : 0|73|927
0224 : 0|59|941
0225 : 0|69|931
0226 : 0|84|916
0227 : 0|67|933
0228 : 0|65|935
0229 : 0|67|933
0230 : 0|66|934
0231 : 0|82|918
0232 : 0|59|941
0233 : 0|63|937
0234 : 0|69|931
0235 : 0|68|932
0236 : 0|77|923
0237 : 0|82|918
0238 : 0|80|920
0239 : 0|68|932
0240 : 0|70|930
0241 : 0|60|940
0242 : 0|70|930
0243 : 0|58|942
0244 : 0|70|930
0245 : 0|65|935
0246 : 0|70|930
0247 : 0|71|929
0248 : 0|84|916
0249 : 0|60|940
0250 : 0|72|928
0251 : 0|74|926
0252 : 0|65|935
0253 : 0|60|940
0254 : 0|67|933
0255 : 0|73|927
0256 : 0|100|900
0257 : 0|70|930
0258 : 0|57|943
0259 : 0|80|920
0260 : 0|84|916
0261 : 0|69|931
0262 : 0|70|930
0263 : 0|73|927
0264 : 0|57|943
0265 : 0|76|924
0266 : 0|71|929
0267 : 0|57|943
0268 : 0|60|940
0269 : 0|66|934
0270 : 0|74|926
0271 : 0|77|923
0272 : 0|63|937
0273 : 0|73|927
0274 : 0|72|928
0275 : 0|75|925
0276 : 0|82|918
0277 : 0|63|937
0278 : 0|63|937
0279 : 0|59|941
0280 : 0|63|937
0281 : 0|62|938
0282 : 0|68|932
0283 : 0|72|928
0284 : 0|65|935
0285 : 0|63|937
0286 : 0|67|933
0287 : 0|72|928
0288 : 0|86|914
0289 : 0|67|933
0290 : 0|71|929
0291 : 0|76|924
0292 : 0|76|924
0293 : 0|73|927
0294 : 0|83|917
0295 : 0|91|909
0296 : 0|72|928
0297 : 0|72|928
0298 : 0|75|925
0299 : 0|85|915
0300 : 0|65|935
0301 : 0|63|937
0302 : 0|92|908
0303 : 0|64|936
0304 : 0|65|935
0305 : 0|58|942
0306 : 0|74|926
0307 : 0|75|925
0308 : 0|53|947
0309 : 0|64|936
0310 : 0|62|938
0311 : 0|82|918
0312 : 0|71|929
0313 : 0|73|927
0314 : 0|78|922
0315 : 0|71|929
0316 : 0|79|921
0317 : 0|75|925
0318 : 0|74|926
0319 : 0|65|935
0320 : 0|76|924
0321 : 0|72|928
0322 : 0|57|943
0323 : 0|74|926
0324 : 0|65|935
0325 : 0|48|952
0326 : 0|77|923
0327 : 0|81|919
0328 : 0|57|943
0329 : 0|75|925
0330 : 0|60|940
0331 : 0|78|922
0332 : 0|62|938
0333 : 0|64|936
0334 : 0|60|940
0335 : 0|52|948
0336 : 0|71|929
0337 : 0|74|926
0338 : 0|72|928
0339 : 0|73|927
0340 : 0|69|931
0341 : 0|72|928
0342 : 0|70|930
0343 : 0|74|926
0344 : 0|72|928
0345 : 0|65|935
0346 : 0|61|939
0347 : 0|79|921
0348 : 0|61|939
0349 : 0|68|932
0350 : 0|55|945
0351 : 0|67|933
0352 : 0|65|935
0353 : 0|86|914
0354 : 0|58|942
0355 : 0|58|942
0356 : 0|68|932
0357 : 0|61|939
0358 : 0|56|944
0359 : 0|71|929
0360 : 0|60|940
0361 : 0|85|915
0362 : 0|74|926
0363 : 0|61|939
0364 : 0|81|919
0365 : 0|64|936
0366 : 0|83|917
0367 : 0|66|934
0368 : 0|68|932
0369 : 0|73|927
0370 : 0|68|932
0371 : 0|66|934
0372 : 0|67|933
0373 : 0|78|922
0374 : 0|67|933
0375 : 0|66|934
0376 : 0|62|938
0377 : 0|75|925
0378 : 0|72|928
0379 : 0|73|927
0380 : 0|57|943
0381 : 0|62|938
0382 : 0|48|952
0383 : 0|66|934
0384 : 0|61|939
0385 : 0|66|934
0386 : 0|67|933
0387 : 0|84|916
0388 : 0|82|918
0389 : 0|76|924
0390 : 0|66|934
0391 : 0|71|929
0392 : 0|75|925
0393 : 0|58|942
0394 : 0|66|934
0395 : 0|66|934
0396 : 0|56|944
0397 : 0|71|929
0398 : 0|56|944
0399 : 0|75|925
0400 : 0|67|933
0401 : 0|56|944
0402 : 0|61|939
0403 : 0|67|933
0404 : 0|51|949
0405 : 0|70|930
0406 : 0|61|939
0407 : 0|64|936
0408 : 0|62|938
0409 : 0|73|927
0410 : 0|71|929
0411 : 0|72|928
0412 : 0|55|945
0413 : 0|74|926
0414 : 0|63|937
0415 : 0|87|913
0416 : 0|75|925
0417 : 0|86|914
0418 : 0|69|931
0419 : 0|75|925
0420 : 0|68|932
0421 : 0|78|922
0422 : 0|74|926
0423 : 0|60|940
0424 : 0|63|937
0425 : 0|90|910
0426 : 0|61|939
0427 : 0|80|920
0428 : 0|72|928
0429 : 0|79|921
0430 : 0|62|938
0431 : 0|68|932
0432 : 0|46|954
0433 : 0|87|913
0434 : 0|71|929
0435 : 0|48|952
0436 : 0|74|926
0437 : 0|84|916
0438 : 0|66|934
0439 : 0|86|914
0440 : 0|70|930
0441 : 0|85|915
0442 : 0|70|930
0443 : 0|67|933
0444 : 0|62|938
0445 : 0|73|927
0446 : 0|55|945
0447 : 0|75|925
0448 : 0|63|937
0449 : 0|64|936
0450 : 0|71|929
0451 : 0|67|933
0452 : 0|87|913
0453 : 0|78|922
0454 : 0|87|913
0455 : 0|64|936
0456 : 0|78|922
0457 : 0|82|918
0458 : 0|71|929
0459 : 0|68|932
0460 : 0|77|923
0461 : 0|93|907
0462 : 0|63|937
0463 : 0|81|919
0464 : 0|80|920
0465 : 0|81|919
0466 : 0|70|930
0467 : 0|80|920
0468 : 0|68|932
0469 : 0|59|941
0470 : 0|65|935
0471 : 0|81|919
0472 : 0|82|918
0473 : 0|74|926
0474 : 0|71|929
0475 : 0|63|937
0476 : 0|71|929
0477 : 0|71|929
0478 : 0|73|927
0479 : 0|65|935
0480 : 0|67|933
0481 : 0|66|934
0482 : 0|70|930
0483 : 0|67|933
0484 : 0|63|937
0485 : 0|67|933
0486 : 0|73|927
0487 : 0|58|942
0488 : 0|63|937
0489 : 0|79|921
0490 : 0|60|940
0491 : 0|77|923
0492 : 0|70|930
0493 : 0|67|933
0494 : 0|75|925
0495 : 0|63|937
0496 : 0|69|931
0497 : 0|64|936
0498 : 0|77|923
0499 : 0|55|945
0500 : 0|85|915
0501 : 0|82|918
0502 : 0|67|933
0503 : 0|66|934
0504 : 0|63|937
0505 : 0|60|940
0506 : 0|92|908
0507 : 0|56|944
0508 : 0|63|937
0509 : 0|58|942
0510 : 0|72|928
0511 : 0|82|918
0512 : 0|74|926
0513 : 0|71|929
0514 : 0|79|921
0515 : 0|56|944
0516 : 0|54|946
0517 : 0|62|938
0518 : 0|68|932
0519 : 0|76|924
0520 : 0|62|938
0521 : 0|66|934
0522 : 0|80|920
0523 : 0|69|931
0524 : 0|54|946
0525 : 0|76|924
0526 : 0|84|916
0527 : 0|61|939
0528 : 0|78|922
0529 : 0|89|911
0530 : 0|69|931
0531 : 0|73|927
0532 : 0|68|932
0533 : 0|79|921
0534 : 0|74|926
0535 : 0|82|918
0536 : 0|81|919
0537 : 0|82|918
0538 : 0|73|927
0539 : 0|76|924
0540 : 0|60|940
0541 : 0|57|943
0542 : 0|79|921
0543 : 0|76|924
0544 : 0|64|936
0545 : 0|63|937
0546 : 0|71|929
0547 : 0|74|926
0548 : 0|77|923
0549 : 0|62|938
0550 : 0|66|934
0551 : 0|71|929
0552 : 0|79|921
0553 : 0|63|937
0554 : 0|76|924
0555 : 0|61|939
0556 : 0|78|922
0557 : 0|66|934
0558 : 0|70|930
0559 : 0|63|937
0560 : 0|68|932
0561 : 0|59|941
0562 : 0|73|927
0563 : 0|70|930
0564 : 0|65|935
0565 : 0|51|949
0566 : 0|75|925
0567 : 0|61|939
0568 : 0|75|925
0569 : 0|50|950
0570 : 0|69|931
0571 : 0|88|912
0572 : 0|75|925
0573 : 0|65|935
0574 : 0|64|936
0575 : 0|70|930
0576 : 0|67|933
0577 : 0|70|930
0578 : 0|68|932
0579 : 0|73|927
0580 : 0|64|936
0581 : 0|81|919
0582 : 0|72|928
0583 : 0|60|940
0584 : 0|77|923
0585 : 0|82|918
0586 : 0|53|947
0587 : 0|75|925
0588 : 0|72|928
0589 : 0|79|921
0590 : 0|81|919
0591 : 0|63|937
0592 : 0|83|917
0593 : 0|77|923
0594 : 0|42|958
0595 : 0|70|930
0596 : 0|97|903
0597 : 0|76|924
0598 : 0|87|913
0599 : 0|54|946
0600 : 0|84|916
