0001(0.00) : 953|2|45
0006(13.83) : 966|4|30
0011(27.46) : 959|2|39
0016(41.18) : 962|1|37
0021(54.79) : 944|6|50
0026(68.34) : 938|1|61
0031(81.78) : 914|6|80
0036(95.41) : 935|6|59
0041(109.44) : 937|6|57
0046(123.09) : 896|11|93
0051(136.90) : 904|7|89
0056(150.63) : 907|10|83
0061(164.24) : 905|9|86
0066(177.99) : 900|13|87
0071(191.55) : 889|8|103
0076(205.22) : 873|6|121
0081(218.66) : 884|10|106
0086(232.06) : 875|7|118
0091(245.62) : 892|10|98
0096(259.43) : 883|14|103
0101(273.03) : 866|14|120
0106(286.55) : 861|9|130
0111(300.20) : 852|11|137
0116(313.89) : 825|9|166
0121(327.64) : 854|13|133
0126(341.42) : 859|12|129
0131(355.03) : 833|9|158
0136(368.61) : 816|9|175
0141(382.39) : 826|15|159
0146(396.07) : 806|8|186
0151(409.73) : 823|6|171
0156(423.51) : 791|15|194
0161(437.34) : 753|12|235
0166(451.22) : 814|15|171
0171(465.08) : 795|9|196
0176(479.02) : 749|14|237
0181(492.90) : 709|16|275
0186(506.75) : 703|11|286
0191(520.33) : 782|16|202
0196(534.13) : 752|13|235
0201(548.04) : 757|12|231
0206(561.95) : 730|14|256
0211(575.70) : 746|16|238
0216(589.58) : 680|18|302
0221(603.47) : 726|12|262
0226(616.96) : 682|12|306
0231(630.73) : 640|14|346
0236(644.75) : 726|12|262
0241(658.57) : 649|16|335
0246(672.15) : 582|22|396
0251(685.83) : 579|22|399
0256(699.52) : 609|18|373
0261(713.22) : 665|17|318
0266(726.86) : 635|15|350
0271(740.45) : 576|16|408
0276(754.13) : 616|18|366
0281(767.97) : 580|16|404
0286(781.77) : 546|22|432
0291(795.63) : 473|15|512
0296(809.18) : 610|22|368
0301(822.93) : 592|30|378
0306(836.59) : 509|24|467
0311(850.36) : 577|23|400
0316(864.17) : 523|26|451
0321(878.04) : 639|18|343
0326(891.66) : 505|24|471
0331(905.37) : 497|16|487
0336(919.23) : 528|15|457
0341(932.88) : 452|26|522
0346(946.62) : 476|20|504
0351(960.48) : 433|27|540
0356(974.26) : 498|23|479
0361(987.89) : 436|17|547
0366(1001.60) : 488|24|488
0371(1015.44) : 473|29|498
0376(1029.14) : 428|31|541
0381(1042.61) : 489|17|494
0386(1056.36) : 420|25|555
0391(1070.14) : 397|32|571
0396(1083.86) : 422|23|555
0401(1097.63) : 391|27|582
0406(1111.23) : 370|23|607
0411(1124.94) : 375|26|599
0416(1138.53) : 355|25|620
0421(1152.28) : 436|29|535
0426(1165.95) : 386|27|587
0431(1179.55) : 375|28|597
0436(1193.37) : 400|23|577
0441(1206.99) : 354|33|613
0446(1220.77) : 327|39|634
0451(1234.32) : 366|28|606
0456(1247.93) : 366|29|605
0461(1261.66) : 332|32|636
0466(1275.28) : 407|29|564
0471(1289.09) : 362|30|608
0476(1302.68) : 311|33|656
0481(1316.42) : 370|39|591
0486(1330.08) : 357|27|616
0491(1343.81) : 306|39|655
0496(1357.49) : 351|27|622
0501(1371.14) : 295|44|661
0506(1384.65) : 333|15|652
0511(1398.34) : 290|27|683
0516(1411.98) : 313|35|652
0521(1425.52) : 322|24|654
0526(1439.21) : 333|30|637
0531(1452.94) : 304|33|663
0536(1466.63) : 329|29|642
0541(1480.32) : 276|32|692
0546(1493.96) : 393|25|582
0551(1507.45) : 330|41|629
0556(1521.25) : 272|38|690
0561(1534.97) : 381|24|595
0566(1548.81) : 263|38|699
0571(1562.44) : 313|26|661
0576(1576.21) : 241|33|726
0581(1589.93) : 352|35|613
0586(1603.65) : 337|28|635
0591(1617.50) : 279|40|681
0596(1631.34) : 262|33|705
