0001(0.00) : 938|0|62
0006(15.76) : 977|0|23
0011(31.24) : 955|2|43
0016(46.90) : 962|0|38
0021(62.41) : 971|2|27
0026(77.98) : 949|1|50
0031(93.50) : 955|2|43
0036(108.98) : 940|3|57
0041(124.51) : 949|5|46
0046(139.76) : 920|9|71
0051(155.04) : 934|3|63
0056(170.46) : 932|5|63
0061(185.82) : 933|12|55
0066(201.10) : 917|5|78
0071(216.72) : 908|12|80
0076(231.95) : 910|5|85
0081(247.43) : 885|9|106
0086(262.80) : 877|3|120
0091(278.34) : 878|10|112
0096(293.87) : 883|8|109
0101(309.46) : 866|12|122
0106(324.78) : 867|14|119
0111(340.04) : 886|4|110
0116(355.43) : 854|14|132
0121(370.74) : 844|14|142
0126(386.26) : 866|8|126
0131(401.66) : 837|6|157
0136(417.06) : 849|6|145
0141(432.34) : 839|6|155
0146(447.69) : 800|5|195
0151(463.09) : 848|9|143
0156(478.41) : 831|12|157
0161(493.82) : 832|7|161
0166(509.36) : 831|16|153
0171(524.80) : 822|8|170
0176(540.40) : 825|6|169
0181(555.95) : 806|9|185
0186(571.55) : 784|8|208
0191(587.19) : 767|10|223
0196(602.81) : 712|18|270
0201(618.53) : 782|14|204
0206(634.27) : 792|16|192
0211(649.81) : 755|13|232
0216(665.38) : 736|14|250
0221(680.92) : 730|12|258
0226(696.46) : 700|15|285
0231(711.84) : 699|12|289
0236(727.30) : 670|24|306
0241(742.88) : 666|13|321
0246(758.32) : 718|10|272
0251(774.01) : 666|16|318
0256(789.65) : 579|11|410
0261(805.02) : 563|18|419
0266(820.51) : 613|21|366
0271(836.11) : 551|20|429
0276(851.50) : 611|17|372
0281(866.94) : 577|26|397
0286(882.52) : 572|13|415
0291(897.87) : 470|23|507
0296(913.35) : 468|28|504
0301(928.91) : 518|24|458
0306(944.48) : 394|32|574
0311(959.82) : 413|27|560
0316(975.18) : 444|22|534
0321(990.81) : 458|21|521
0326(1006.14) : 385|20|595
0331(1021.55) : 407|19|574
0336(1036.85) : 455|29|516
0341(1052.35) : 384|27|589
0346(1067.65) : 375|43|582
0351(1083.11) : 415|20|565
0356(1098.70) : 378|38|584
0361(1114.17) : 372|23|605
0366(1129.78) : 384|22|594
0371(1145.43) : 384|30|586
0376(1161.01) : 354|30|616
0381(1176.39) : 295|39|666
0386(1191.91) : 318|26|656
0391(1207.65) : 314|38|648
0396(1223.06) : 350|36|614
0401(1238.47) : 339|47|614
0406(1253.95) : 314|42|644
0411(1269.46) : 409|35|556
0416(1285.00) : 275|29|696
0421(1300.37) : 418|31|551
0426(1315.75) : 229|52|719
0431(1331.23) : 282|35|683
0436(1346.59) : 217|38|745
0441(1361.94) : 341|34|625
0446(1377.43) : 260|41|699
0451(1392.62) : 217|47|736
0456(1408.11) : 223|31|746
0461(1423.56) : 223|48|729
0466(1438.99) : 213|49|738
0471(1454.44) : 224|42|734
0476(1469.82) : 193|37|770
0481(1485.25) : 299|23|678
0486(1500.69) : 179|55|766
0491(1516.20) : 147|55|798
0496(1531.47) : 296|45|659
0501(1546.75) : 180|55|765
0506(1562.17) : 178|46|776
0511(1577.45) : 160|52|788
0516(1592.55) : 202|39|759
0521(1608.00) : 223|47|730
0526(1623.29) : 225|40|735
0531(1638.75) : 209|58|733
0536(1654.15) : 168|48|784
0541(1669.53) : 176|45|779
0546(1684.93) : 202|49|749
0551(1700.46) : 230|39|731
0556(1715.82) : 177|57|766
0561(1731.11) : 115|68|817
0566(1746.58) : 151|57|792
0571(1761.73) : 145|36|819
0576(1777.08) : 96|65|839
0581(1792.53) : 138|49|813
0586(1808.06) : 153|63|784
0591(1823.51) : 116|48|836
0596(1839.08) : 104|65|831
