0001(0.00) : 974|1|25
0006(16.88) : 970|0|30
0011(33.73) : 949|6|45
0016(50.52) : 961|2|37
0021(67.55) : 945|3|52
0026(84.57) : 946|5|49
0031(101.52) : 957|5|38
0036(118.36) : 935|7|58
0041(135.34) : 931|4|65
0046(152.33) : 959|3|38
0051(169.32) : 911|6|83
0056(186.25) : 922|4|74
0061(203.25) : 909|10|81
0066(220.13) : 929|8|63
0071(236.95) : 914|4|82
0076(253.82) : 896|8|96
0081(270.64) : 908|4|88
0086(287.59) : 908|9|83
0091(304.57) : 896|6|98
0096(321.62) : 863|6|131
0101(338.41) : 883|5|112
0106(355.51) : 871|8|121
0111(372.53) : 869|10|121
0116(389.39) : 850|8|142
0121(406.21) : 876|13|111
0126(423.20) : 846|14|140
0131(440.12) : 835|8|157
0136(456.98) : 842|12|146
0141(473.79) : 866|11|123
0146(490.75) : 836|12|152
0151(507.59) : 829|11|160
0156(524.46) : 810|9|181
0161(541.31) : 772|14|214
0166(558.04) : 832|15|153
0171(575.08) : 797|12|191
0176(591.90) : 747|17|236
0181(608.88) : 751|9|240
0186(625.80) : 798|13|189
0191(642.74) : 711|6|283
0196(659.58) : 766|13|221
0201(676.27) : 693|19|288
0206(693.28) : 754|14|232
0211(710.25) : 659|13|328
0216(727.33) : 781|12|207
0221(744.28) : 699|6|295
0226(761.25) : 716|15|269
0231(778.46) : 658|20|322
0236(795.43) : 674|18|308
0241(812.39) : 693|14|293
0246(829.52) : 667|20|313
0251(846.73) : 686|17|297
0256(863.64) : 731|17|252
0261(880.69) : 646|19|335
0266(897.61) : 585|18|397
0271(914.73) : 641|14|345
0276(931.53) : 605|26|369
0281(948.50) : 630|19|351
0286(965.33) : 565|19|416
0291(982.31) : 634|20|346
0296(999.39) : 569|20|411
0301(1016.35) : 528|16|456
0306(1033.31) : 568|17|415
0311(1050.24) : 536|26|438
0316(1067.25) : 545|14|441
0321(1084.24) : 581|18|401
0326(1101.48) : 518|22|460
0331(1118.44) : 656|11|333
0336(1135.46) : 494|38|468
0341(1152.43) : 516|20|464
0346(1169.37) : 404|34|562
0351(1186.18) : 491|25|484
0356(1203.02) : 441|37|522
0361(1219.95) : 473|37|490
0366(1236.69) : 513|22|465
0371(1253.48) : 410|26|564
0376(1270.58) : 412|36|552
0381(1287.53) : 472|27|501
0386(1304.46) : 326|55|619
0391(1321.37) : 428|29|543
0396(1338.34) : 422|33|545
0401(1355.47) : 483|21|496
0406(1372.39) : 513|28|459
0411(1389.37) : 424|36|540
0416(1406.54) : 421|28|551
0421(1423.47) : 406|39|555
0426(1440.38) : 430|33|537
0431(1457.32) : 421|24|555
0436(1474.28) : 374|31|595
0441(1491.25) : 403|40|557
0446(1508.01) : 395|23|582
0451(1524.84) : 362|36|602
0456(1541.57) : 406|46|548
0461(1558.39) : 341|39|620
0466(1575.16) : 399|32|569
0471(1592.04) : 323|38|639
0476(1609.02) : 339|30|631
0481(1625.94) : 452|20|528
0486(1642.87) : 374|55|571
0491(1659.86) : 351|42|607
0496(1676.75) : 319|44|637
0501(1693.49) : 305|41|654
0506(1710.43) : 298|51|651
0511(1727.38) : 245|42|713
0516(1744.20) : 277|48|675
0521(1761.03) : 287|40|673
0526(1778.00) : 285|30|685
0531(1794.92) : 349|35|616
0536(1811.69) : 285|29|686
0541(1828.65) : 312|39|649
0546(1845.39) : 350|39|611
0551(1862.23) : 307|36|657
0556(1879.09) : 219|48|733
0561(1895.79) : 298|39|663
0566(1912.82) : 234|34|732
0571(1929.67) : 344|34|622
0576(1946.60) : 282|56|662
0581(1963.40) : 221|52|727
0586(1980.31) : 246|37|717
0591(1997.17) : 234|55|711
0596(2014.07) : 244|26|730
