0001(0.00) : 978|1|21
0006(18.76) : 973|0|27
0011(37.14) : 957|2|41
0016(55.57) : 964|3|33
0021(74.09) : 943|5|52
0026(92.34) : 939|7|54
0031(110.82) : 957|2|41
0036(129.17) : 933|5|62
0041(147.72) : 941|2|57
0046(166.39) : 920|5|75
0051(184.99) : 918|1|81
0056(203.49) : 920|1|79
0061(221.86) : 918|8|74
0066(240.29) : 924|3|73
0071(258.89) : 923|4|73
0076(277.42) : 915|8|77
0081(295.94) : 893|5|102
0086(314.55) : 906|10|84
0091(332.94) : 880|8|112
0096(351.24) : 910|8|82
0101(369.82) : 890|6|104
0106(388.27) : 894|3|103
0111(406.77) : 904|5|91
0116(425.06) : 878|15|107
0121(443.40) : 851|15|134
0126(461.76) : 863|6|131
0131(480.31) : 834|9|157
0136(498.73) : 841|7|152
0141(517.13) : 841|15|144
0146(535.65) : 850|9|141
0151(554.15) : 822|7|171
0156(572.54) : 830|6|164
0161(591.02) : 835|6|159
0166(609.46) : 823|10|167
0171(627.96) : 771|12|217
0176(646.48) : 785|13|202
0181(665.00) : 748|16|236
0186(683.28) : 788|5|207
0191(701.80) : 751|12|237
0196(720.32) : 753|17|230
0201(738.93) : 738|17|245
0206(757.40) : 699|20|281
0211(775.91) : 690|14|296
0216(794.24) : 700|8|292
0221(812.67) : 657|12|331
0226(831.57) : 684|14|302
0231(850.03) : 614|14|372
0236(868.71) : 532|23|445
0241(887.28) : 604|17|379
0246(906.00) : 549|9|442
0251(924.64) : 636|12|352
0256(943.09) : 637|17|346
0261(961.84) : 645|20|335
0266(980.50) : 537|21|442
0271(999.22) : 483|25|492
0276(1017.84) : 479|17|504
0281(1036.46) : 568|21|411
0286(1055.09) : 468|23|509
0291(1073.78) : 364|30|606
0296(1092.35) : 502|19|479
0301(1110.95) : 429|16|555
0306(1129.61) : 540|25|435
0311(1148.34) : 451|33|516
0316(1166.87) : 431|14|555
0321(1185.46) : 358|32|610
0326(1204.24) : 375|24|601
0331(1222.85) : 470|26|504
0336(1241.49) : 338|31|631
0341(1260.10) : 408|23|569
0346(1278.84) : 325|32|643
0351(1297.52) : 378|31|591
0356(1316.36) : 298|34|668
0361(1335.05) : 409|27|564
0366(1353.63) : 324|39|637
0371(1372.31) : 273|35|692
0376(1390.84) : 270|25|705
0381(1409.37) : 305|39|656
0386(1428.01) : 344|36|620
0391(1446.56) : 303|27|670
0396(1465.22) : 178|36|786
0401(1483.93) : 240|42|718
0406(1502.63) : 252|37|711
0411(1521.24) : 200|42|758
0416(1539.84) : 252|37|711
0421(1558.34) : 228|36|736
0426(1576.96) : 231|40|729
0431(1595.65) : 270|48|682
0436(1614.32) : 164|42|794
0441(1632.95) : 215|37|748
0446(1651.57) : 160|55|785
0451(1670.16) : 137|43|820
0456(1689.10) : 140|48|812
0461(1708.01) : 153|45|802
0466(1726.83) : 266|37|697
0471(1745.11) : 154|53|793
0476(1762.71) : 146|48|806
0481(1780.27) : 167|59|774
0486(1797.81) : 194|51|755
0491(1815.39) : 185|67|748
0496(1832.23) : 180|35|785
0501(1848.68) : 130|63|807
0506(1865.22) : 209|38|753
0511(1881.87) : 163|63|774
0516(1898.49) : 137|44|819
0521(1915.13) : 143|51|806
0526(1931.84) : 133|71|796
0531(1948.21) : 117|52|831
0536(1964.96) : 69|65|866
0541(1981.54) : 159|64|777
0546(1998.05) : 128|51|821
0551(2014.65) : 134|46|820
0556(2031.50) : 118|75|807
0561(2048.09) : 139|52|809
0566(2064.68) : 162|53|785
0571(2081.51) : 112|57|831
0576(2098.09) : 131|47|822
0581(2114.63) : 83|70|847
0586(2131.24) : 96|77|827
0591(2148.05) : 96|64|840
0596(2164.65) : 81|62|857
