0001(0.00) : 970|0|30
0006(20.49) : 960|2|38
0011(41.02) : 946|4|50
0016(61.44) : 970|2|28
0021(81.54) : 935|3|62
0026(101.51) : 932|5|63
0031(121.54) : 950|7|43
0036(141.61) : 926|7|67
0041(161.61) : 938|2|60
0046(181.44) : 948|4|48
0051(201.29) : 927|5|68
0056(221.35) : 927|5|68
0061(241.49) : 941|4|55
0066(261.49) : 936|3|61
0071(281.31) : 908|6|86
0076(301.25) : 925|6|69
0081(320.89) : 912|7|81
0086(340.78) : 925|12|63
0091(360.76) : 915|2|83
0096(380.85) : 906|6|88
0101(400.72) : 898|7|95
0106(420.52) : 887|5|108
0111(440.26) : 874|11|115
0116(460.52) : 892|5|103
0121(480.76) : 895|6|99
0126(501.02) : 865|12|123
0131(521.21) : 832|9|159
0136(541.29) : 860|7|133
0141(561.70) : 856|17|127
0146(581.89) : 815|10|175
0151(602.22) : 858|6|136
0156(622.39) : 842|8|150
0161(642.73) : 836|10|154
0166(663.00) : 830|16|154
0171(683.22) : 795|16|189
0176(703.61) : 829|6|165
0181(723.69) : 806|13|181
0186(744.19) : 805|15|180
0191(764.62) : 775|10|215
0196(785.03) : 808|13|179
0201(805.26) : 693|19|288
0206(825.63) : 762|14|224
0211(845.85) : 754|10|236
0216(865.86) : 751|8|241
0221(885.94) : 677|8|315
0226(906.08) : 720|13|267
0231(926.22) : 676|20|304
0236(946.54) : 664|19|317
0241(966.62) : 670|14|316
0246(986.78) : 618|20|362
0251(1007.11) : 608|20|372
0256(1027.21) : 633|16|351
0261(1047.13) : 635|14|351
0266(1067.34) : 536|13|451
0271(1087.26) : 695|17|288
0276(1107.38) : 576|29|395
0281(1127.64) : 510|20|470
0286(1147.71) : 540|19|441
0291(1167.65) : 591|17|392
0296(1187.55) : 489|18|493
0301(1207.53) : 549|26|425
0306(1227.58) : 476|22|502
0311(1247.66) : 605|14|381
0316(1267.72) : 449|29|522
0321(1287.87) : 446|23|531
0326(1307.98) : 495|27|478
0331(1328.05) : 432|18|550
0336(1348.14) : 415|25|560
0341(1368.09) : 462|22|516
0346(1387.82) : 338|31|631
0351(1407.85) : 317|35|648
0356(1427.90) : 362|31|607
0361(1447.85) : 377|32|591
0366(1467.55) : 298|36|666
0371(1487.50) : 326|40|634
0376(1507.52) : 305|35|660
0381(1527.49) : 294|44|662
0386(1547.47) : 257|42|701
0391(1567.31) : 314|36|650
0396(1587.28) : 325|39|636
0401(1607.30) : 387|28|585
0406(1627.36) : 379|45|576
0411(1647.52) : 269|46|685
0416(1667.44) : 258|35|707
0421(1687.42) : 197|48|755
0426(1707.44) : 195|60|745
0431(1727.25) : 234|69|697
0436(1747.27) : 202|48|750
0441(1767.40) : 242|40|718
0446(1787.41) : 215|50|735
0451(1807.31) : 209|51|740
0456(1827.41) : 221|39|740
0461(1847.24) : 172|51|777
0466(1867.21) : 170|55|775
0471(1886.95) : 168|51|781
0476(1906.99) : 155|53|792
0481(1926.77) : 202|48|750
0486(1946.71) : 203|42|755
0491(1966.97) : 193|57|750
0496(1987.07) : 191|45|764
0501(2007.01) : 240|42|718
0506(2026.99) : 161|40|799
0511(2046.97) : 266|39|695
0516(2067.06) : 147|58|795
0521(2087.20) : 255|31|714
0526(2107.06) : 153|53|794
0531(2127.05) : 170|54|776
0536(2147.10) : 142|37|821
0541(2167.15) : 120|74|806
0546(2187.15) : 134|48|818
0551(2207.15) : 231|51|718
0556(2227.06) : 147|46|807
0561(2247.20) : 194|51|755
0566(2267.35) : 120|53|827
0571(2287.61) : 176|56|768
0576(2307.68) : 120|55|825
0581(2327.92) : 107|56|837
0586(2347.99) : 120|47|833
0591(2368.34) : 170|41|789
0596(2388.43) : 102|56|842
