0001(0.00) : 975|0|25
0006(7.62) : 972|0|28
0011(15.28) : 968|0|32
0016(22.94) : 954|4|42
0021(30.73) : 955|4|41
0026(38.50) : 948|4|48
0031(46.34) : 957|1|42
0036(54.03) : 954|2|44
0041(61.80) : 928|3|69
0046(69.72) : 942|4|54
0051(77.45) : 927|7|66
0056(85.23) : 924|5|71
0061(92.98) : 939|2|59
0066(100.45) : 930|6|64
0071(108.08) : 920|3|77
0076(115.71) : 936|1|63
0081(123.32) : 908|7|85
0086(131.12) : 912|7|81
0091(138.66) : 900|5|95
0096(146.53) : 900|11|89
0101(154.39) : 904|9|87
0106(161.99) : 896|9|95
0111(169.81) : 895|7|98
0116(177.48) : 872|9|119
0121(185.20) : 888|6|106
0126(192.90) : 883|6|111
0131(200.60) : 888|4|108
0136(208.38) : 872|10|118
0141(216.00) : 867|5|128
0146(223.59) : 866|5|129
0151(231.46) : 875|12|113
0156(239.07) : 882|9|109
0161(246.69) : 871|5|124
0166(254.34) : 856|4|140
0171(262.09) : 849|12|139
0176(269.84) : 859|5|136
0181(277.55) : 856|10|134
0186(285.24) : 867|6|127
0191(292.92) : 849|6|145
0196(300.84) : 845|17|138
0201(308.46) : 866|9|125
0206(316.23) : 830|12|158
0211(323.61) : 828|7|165
0216(331.20) : 836|13|151
0221(338.96) : 839|9|152
0226(346.84) : 830|11|159
0231(354.56) : 829|8|163
0236(362.27) : 777|12|211
0241(369.82) : 779|11|210
0246(377.65) : 817|9|174
0251(385.33) : 790|12|198
0256(393.06) : 803|6|191
0261(400.78) : 812|9|179
0266(408.49) : 770|10|220
0271(416.25) : 771|16|213
0276(423.90) : 775|16|209
0281(431.78) : 786|10|204
0286(439.42) : 771|13|216
0291(447.22) : 775|12|213
0296(454.94) : 744|13|243
0301(462.67) : 743|10|247
0306(470.42) : 750|13|237
0311(478.04) : 747|11|242
0316(485.56) : 735|15|250
0321(493.24) : 751|9|240
0326(500.86) : 761|12|227
0331(508.42) : 765|13|222
0336(516.01) : 693|17|290
0341(523.80) : 713|9|278
0346(531.43) : 766|15|219
0351(539.16) : 731|17|252
0356(546.70) : 728|14|258
0361(554.10) : 665|14|321
0366(561.74) : 726|19|255
0371(569.37) : 679|17|304
0376(577.02) : 706|11|283
0381(584.75) : 651|14|335
0386(592.37) : 723|10|267
0391(600.00) : 718|9|273
0396(607.56) : 736|11|253
0401(615.02) : 651|20|329
0406(622.56) : 635|17|348
0411(630.20) : 582|19|399
0416(637.73) : 641|16|343
0421(645.37) : 640|19|341
0426(653.02) : 663|15|322
0431(660.61) : 625|20|355
0436(668.36) : 631|20|349
0441(676.17) : 640|22|338
0446(683.79) : 664|17|319
0451(691.56) : 617|30|353
0456(699.13) : 559|26|415
0461(706.81) : 589|25|386
0466(714.46) : 611|19|370
0471(722.00) : 579|19|402
0476(729.50) : 556|18|426
0481(737.32) : 596|31|373
0486(744.72) : 594|30|376
0491(752.09) : 568|20|412
0496(759.75) : 646|20|334
0501(767.31) : 593|22|385
0506(774.91) : 589|15|396
0511(782.55) : 577|21|402
0516(790.19) : 543|27|430
0521(797.90) : 556|26|418
0526(805.47) : 595|15|390
0531(813.01) : 603|15|382
0536(820.74) : 587|25|388
0541(828.41) : 544|21|435
0546(835.86) : 542|18|440
0551(843.43) : 538|28|434
0556(850.97) : 615|22|363
0561(858.77) : 548|23|429
0566(866.22) : 625|22|353
0571(874.01) : 556|18|426
0576(881.76) : 519|34|447
0581(889.23) : 522|20|458
0586(896.69) : 526|16|458
0591(904.59) : 563|21|416
0596(912.16) : 523|28|449
