0001(0.00) : 958|0|42
0006(19.57) : 976|0|24
0011(39.09) : 958|4|38
0016(58.54) : 963|6|31
0021(78.00) : 954|1|45
0026(97.51) : 954|0|46
0031(117.16) : 953|0|47
0036(136.49) : 946|2|52
0041(156.01) : 952|2|46
0046(175.38) : 953|3|44
0051(194.80) : 939|5|56
0056(214.28) : 946|1|53
0061(233.75) : 936|3|61
0066(253.33) : 926|6|68
0071(272.73) : 927|4|69
0076(292.10) : 912|11|77
0081(311.62) : 928|7|65
0086(331.29) : 915|4|81
0091(350.87) : 929|4|67
0096(370.33) : 914|9|77
0101(389.73) : 904|9|87
0106(409.20) : 898|13|89
0111(428.73) : 912|9|79
0116(448.08) : 889|10|101
0121(467.77) : 903|8|89
0126(487.22) : 914|4|82
0131(506.72) : 903|7|90
0136(526.12) : 883|7|110
0141(545.76) : 875|16|109
0146(565.26) : 869|9|122
0151(584.77) : 884|10|106
0156(604.26) : 877|6|117
0161(623.83) : 861|11|128
0166(643.35) : 857|10|133
0171(662.74) : 854|7|139
0176(682.32) : 864|8|128
0181(701.81) : 872|10|118
0186(721.29) : 846|11|143
0191(740.74) : 844|8|148
0196(760.45) : 841|11|148
0201(779.97) : 871|10|119
0206(799.50) : 826|7|167
0211(818.96) : 812|10|178
0216(838.49) : 835|12|153
0221(857.88) : 838|12|150
0226(877.51) : 825|14|161
0231(897.06) : 843|5|152
0236(916.76) : 817|13|170
0241(936.30) : 818|10|172
0246(955.67) : 797|18|185
0251(975.10) : 793|16|191
0256(994.65) : 815|21|164
0261(1014.31) : 826|16|158
0266(1033.64) : 800|17|183
0271(1053.02) : 807|14|179
0276(1072.83) : 780|8|212
0281(1092.19) : 816|11|173
0286(1111.67) : 790|14|196
0291(1131.13) : 825|13|162
0296(1150.73) : 778|11|211
0301(1170.12) : 785|13|202
0306(1189.47) : 772|22|206
0311(1208.98) : 787|13|200
0316(1228.38) : 787|10|203
0321(1247.97) : 786|12|202
0326(1267.43) : 778|10|212
0331(1287.15) : 756|10|234
0336(1306.66) : 773|15|212
0341(1326.13) : 780|14|206
0346(1345.59) : 725|14|261
0351(1365.18) : 767|16|217
0356(1384.65) : 758|17|225
0361(1404.11) : 746|14|240
0366(1423.56) : 753|14|233
0371(1443.08) : 802|12|186
0376(1462.63) : 747|15|238
0381(1482.17) : 743|10|247
0386(1501.70) : 719|10|271
0391(1521.13) : 756|11|233
0396(1540.51) : 731|16|253
0401(1560.05) : 727|21|252
0406(1579.54) : 711|11|278
0411(1599.06) : 747|13|240
0416(1618.58) : 758|17|225
0421(1638.15) : 680|9|311
0426(1657.50) : 749|18|233
0431(1676.88) : 703|20|277
0436(1696.37) : 719|11|270
0441(1716.21) : 683|19|298
0446(1735.73) : 700|18|282
0451(1755.22) : 695|8|297
0456(1774.57) : 640|16|344
0461(1794.16) : 690|13|297
0466(1813.77) : 610|16|374
0471(1833.11) : 679|15|306
0476(1852.62) : 639|11|350
0481(1871.90) : 649|14|337
0486(1891.69) : 672|15|313
0491(1911.23) : 678|12|310
0496(1930.72) : 679|14|307
0501(1950.26) : 676|16|308
0506(1969.66) : 613|20|367
0511(1989.23) : 614|22|364
0516(2008.65) : 631|24|345
0521(2028.26) : 651|13|336
0526(2047.87) : 648|19|333
0531(2067.49) : 555|20|425
0536(2086.97) : 684|20|296
0541(2106.39) : 571|22|407
0546(2126.06) : 516|27|457
0551(2145.35) : 634|16|350
0556(2164.71) : 560|12|428
0561(2184.22) : 634|20|346
0566(2203.60) : 570|18|412
0571(2222.99) : 549|26|425
0576(2242.47) : 544|20|436
0581(2261.94) : 598|20|382
0586(2281.69) : 592|22|386
0591(2301.41) : 469|20|511
0596(2320.94) : 502|29|469
