0001(0.00) : 965|1|34
0006(9.62) : 966|0|34
0011(18.93) : 963|0|37
0016(28.43) : 956|1|43
0021(37.92) : 961|1|38
0026(47.38) : 938|7|55
0031(56.74) : 936|2|62
0036(66.14) : 944|2|54
0041(75.67) : 940|5|55
0046(85.04) : 942|5|53
0051(94.34) : 941|1|58
0056(103.88) : 912|6|82
0061(113.38) : 921|10|69
0066(122.89) : 935|6|59
0071(132.31) : 907|9|84
0076(141.70) : 923|7|70
0081(151.12) : 912|6|82
0086(160.60) : 917|7|76
0091(169.86) : 920|8|72
0096(179.31) : 912|10|78
0101(188.89) : 901|12|87
0106(198.38) : 891|14|95
0111(207.76) : 893|8|99
0116(217.39) : 905|8|87
0121(226.95) : 876|11|113
0126(236.48) : 891|6|103
0131(246.09) : 881|6|113
0136(255.65) : 895|8|97
0141(265.19) : 876|7|117
0146(274.67) : 887|10|103
0151(284.25) : 870|6|124
0156(293.82) : 856|4|140
0161(303.40) : 864|7|129
0166(312.93) : 854|13|133
0171(322.41) : 863|10|127
0176(331.91) : 860|12|128
0181(341.49) : 827|9|164
0186(351.09) : 890|8|102
0191(360.53) : 861|9|130
0196(370.28) : 912|9|79
0201(379.83) : 881|8|111
0206(389.22) : 824|18|158
0211(398.65) : 849|10|141
0216(408.14) : 840|11|149
0221(417.80) : 781|14|205
0226(427.27) : 831|17|152
0231(436.76) : 789|14|197
0236(446.31) : 834|9|157
0241(455.82) : 831|5|164
0246(465.26) : 798|13|189
0251(474.82) : 756|11|233
0256(484.37) : 734|17|249
0261(493.90) : 756|14|230
0266(503.30) : 753|15|232
0271(512.91) : 747|16|237
0276(522.36) : 726|13|261
0281(531.83) : 700|20|280
0286(541.20) : 699|19|282
0291(550.82) : 685|13|302
0296(560.19) : 670|23|307
0301(569.83) : 666|19|315
0306(579.26) : 647|26|327
0311(588.89) : 659|11|330
0316(598.49) : 716|16|268
0321(607.88) : 684|22|294
0326(617.30) : 581|21|398
0331(626.90) : 686|29|285
0336(636.41) : 622|17|361
0341(645.89) : 555|25|420
0346(655.26) : 545|22|433
0351(664.97) : 591|33|376
0356(674.35) : 568|31|401
0361(683.84) : 504|19|477
0366(693.49) : 557|23|420
0371(703.03) : 591|25|384
0376(712.55) : 534|20|446
0381(721.95) : 484|29|487
0386(731.47) : 502|25|473
0391(740.95) : 549|28|423
0396(750.59) : 457|31|512
0401(760.08) : 489|30|481
0406(769.65) : 473|33|494
0411(779.08) : 513|19|468
0416(788.70) : 468|28|504
0421(798.24) : 499|30|471
0426(807.66) : 463|36|501
0431(817.28) : 462|36|502
0436(826.84) : 434|35|531
0441(836.18) : 521|23|456
0446(845.76) : 507|33|460
0451(855.16) : 453|38|509
0456(864.62) : 394|35|571
0461(874.05) : 457|30|513
0466(883.50) : 410|36|554
0471(892.96) : 449|32|519
0476(902.29) : 440|41|519
0481(911.71) : 412|33|555
0486(921.18) : 525|25|450
0491(930.44) : 414|34|552
0496(939.90) : 424|42|534
0501(949.30) : 407|30|563
0506(958.92) : 405|38|557
0511(968.50) : 392|47|561
0516(977.94) : 410|30|560
0521(987.35) : 401|41|558
0526(996.75) : 419|47|534
0531(1006.35) : 415|34|551
0536(1015.82) : 407|36|557
0541(1025.12) : 381|51|568
0546(1034.65) : 367|34|599
0551(1044.08) : 480|33|487
0556(1053.52) : 399|43|558
0561(1062.93) : 400|48|552
0566(1072.16) : 362|39|599
0571(1081.54) : 415|36|549
0576(1091.04) : 390|34|576
0581(1100.54) : 388|36|576
0586(1110.02) : 368|48|584
0591(1119.41) : 373|53|574
0596(1128.82) : 392|47|561
