0001(0.00) : 980|0|20
0006(10.94) : 961|3|36
0011(21.90) : 952|3|45
0016(32.51) : 951|3|46
0021(43.14) : 941|2|57
0026(53.96) : 950|0|50
0031(64.60) : 954|1|45
0036(75.30) : 945|4|51
0041(86.04) : 947|7|46
0046(96.91) : 932|2|66
0051(107.80) : 919|4|77
0056(118.51) : 947|5|48
0061(129.24) : 929|7|64
0066(140.03) : 937|9|54
0071(150.73) : 923|1|76
0076(161.49) : 917|7|76
0081(172.12) : 931|6|63
0086(182.92) : 928|3|69
0091(193.64) : 905|4|91
0096(204.20) : 916|10|74
0101(214.92) : 895|4|101
0106(225.67) : 896|9|95
0111(236.47) : 910|7|83
0116(247.18) : 889|9|102
0121(257.84) : 876|4|120
0126(268.65) : 855|6|139
0131(279.57) : 877|5|118
0136(290.37) : 873|5|122
0141(301.15) : 859|4|137
0146(311.93) : 883|9|108
0151(322.61) : 874|9|117
0156(333.08) : 816|20|164
0161(343.91) : 864|7|129
0166(354.86) : 849|2|149
0171(365.56) : 836|14|150
0176(376.52) : 842|12|146
0181(387.35) : 817|15|168
0186(398.22) : 813|12|175
0191(408.85) : 812|14|174
0196(419.64) : 776|13|211
0201(430.16) : 776|21|203
0206(440.95) : 780|12|208
0211(451.75) : 793|14|193
0216(462.51) : 811|12|177
0221(473.14) : 767|9|224
0226(483.83) : 775|16|209
0231(494.62) : 783|11|206
0236(505.31) : 759|10|231
0241(516.06) : 734|13|253
0246(526.62) : 698|9|293
0251(537.43) : 706|11|283
0256(548.06) : 732|16|252
0261(558.77) : 706|12|282
0266(569.60) : 633|27|340
0271(580.19) : 585|21|394
0276(590.67) : 600|18|382
0281(601.46) : 632|24|344
0286(612.20) : 537|31|432
0291(622.80) : 559|23|418
0296(633.44) : 609|12|379
0301(644.02) : 591|22|387
0306(654.50) : 526|22|452
0311(665.14) : 537|26|437
0316(675.87) : 562|25|413
0321(686.58) : 466|20|514
0326(697.24) : 465|24|511
0331(707.75) : 509|23|468
0336(718.46) : 478|18|504
0341(728.96) : 493|35|472
0346(739.61) : 638|11|351
0351(750.21) : 490|25|485
0356(760.81) : 576|19|405
0361(771.24) : 496|24|480
0366(781.96) : 487|25|488
0371(792.77) : 511|20|469
0376(803.57) : 411|25|564
0381(814.19) : 499|25|476
0386(824.83) : 464|25|511
0391(835.50) : 476|32|492
0396(846.08) : 461|32|507
0401(856.72) : 447|22|531
0406(867.43) : 364|29|607
0411(878.31) : 390|35|575
0416(889.01) : 398|42|560
0421(899.57) : 356|25|619
0426(910.31) : 368|23|609
0431(921.04) : 432|32|536
0436(931.69) : 342|36|622
0441(942.42) : 325|46|629
0446(952.90) : 299|40|661
0451(963.54) : 396|22|582
0456(974.27) : 372|25|603
0461(984.95) : 332|47|621
0466(995.73) : 317|43|640
0471(1006.43) : 321|35|644
0476(1017.22) : 325|23|652
0481(1028.01) : 380|28|592
0486(1038.70) : 263|47|690
0491(1049.42) : 261|48|691
0496(1060.06) : 255|23|722
0501(1070.90) : 196|46|758
0506(1081.36) : 255|35|710
0511(1091.88) : 335|20|645
0516(1102.59) : 267|49|684
0521(1113.09) : 227|49|724
0526(1124.00) : 268|32|700
0531(1134.78) : 258|41|701
0536(1145.60) : 226|44|730
0541(1156.34) : 192|59|749
0546(1167.22) : 227|46|727
0551(1177.90) : 217|57|726
0556(1188.50) : 222|45|733
0561(1199.02) : 225|42|733
0566(1209.88) : 363|35|602
0571(1220.74) : 234|47|719
0576(1231.56) : 168|51|781
0581(1242.32) : 148|57|795
0586(1252.90) : 159|60|781
0591(1263.51) : 242|57|701
0596(1274.53) : 161|61|778
