0001(0.00) : 966|0|34
0006(12.59) : 963|2|35
0011(25.06) : 963|2|35
0016(37.58) : 964|2|34
0021(50.12) : 956|2|42
0026(62.66) : 951|1|48
0031(75.22) : 947|1|52
0036(87.85) : 936|2|62
0041(100.24) : 948|2|50
0046(112.70) : 934|3|63
0051(125.38) : 922|5|73
0056(137.76) : 921|4|75
0061(150.16) : 931|4|65
0066(162.69) : 924|10|66
0071(175.31) : 929|1|70
0076(187.82) : 918|7|75
0081(200.50) : 913|5|82
0086(212.93) : 923|5|72
0091(225.39) : 916|8|76
0096(238.07) : 889|9|102
0101(250.80) : 887|4|109
0106(263.41) : 866|8|126
0111(276.15) : 891|6|103
0116(288.82) : 875|5|120
0121(301.49) : 876|7|117
0126(314.09) : 902|8|90
0131(326.71) : 845|13|142
0136(339.50) : 892|7|101
0141(352.22) : 858|9|133
0146(364.79) : 864|11|125
0151(377.63) : 844|8|148
0156(390.16) : 862|12|126
0161(402.89) : 813|7|180
0166(415.57) : 862|6|132
0171(428.15) : 836|5|159
0176(440.97) : 840|7|153
0181(453.69) : 836|6|158
0186(466.47) : 845|4|151
0191(479.18) : 835|6|159
0196(491.75) : 825|12|163
0201(504.36) : 799|12|189
0206(516.99) : 834|8|158
0211(529.67) : 812|7|181
0216(542.37) : 820|7|173
0221(554.88) : 782|7|211
0226(567.59) : 798|8|194
0231(580.25) : 809|4|187
0236(592.72) : 787|8|205
0241(605.25) : 775|13|212
0246(617.86) : 750|13|237
0251(630.53) : 754|23|223
0256(643.26) : 765|10|225
0261(656.15) : 775|7|218
0266(668.84) : 721|5|274
0271(681.43) : 779|13|208
0276(694.01) : 762|7|231
0281(706.71) : 772|12|216
0286(719.15) : 764|13|223
0291(731.77) : 701|14|285
0296(744.25) : 701|12|287
0301(756.74) : 730|16|254
0306(769.28) : 702|13|285
0311(781.75) : 714|17|269
0316(794.27) : 638|13|349
0321(806.88) : 666|13|321
0326(819.52) : 740|13|247
0331(832.20) : 713|18|269
0336(844.80) : 638|13|349
0341(857.30) : 636|16|348
0346(869.78) : 667|17|316
0351(882.23) : 578|21|401
0356(894.78) : 549|18|433
0361(907.32) : 551|27|422
0366(919.89) : 567|28|405
0371(932.38) : 547|20|433
0376(944.89) : 515|28|457
0381(957.50) : 519|24|457
0386(969.94) : 582|20|398
0391(982.34) : 453|30|517
0396(994.74) : 551|21|428
0401(1007.23) : 454|27|519
0406(1019.88) : 478|22|500
0411(1032.41) : 505|19|476
0416(1044.99) : 437|23|540
0421(1057.40) : 463|22|515
0426(1069.87) : 419|24|557
0431(1082.37) : 388|33|579
0436(1094.69) : 351|27|622
0441(1107.40) : 405|29|566
0446(1119.78) : 285|23|692
0451(1132.34) : 346|48|606
0456(1144.68) : 428|23|549
0461(1157.12) : 388|25|587
0466(1169.56) : 350|36|614
0471(1182.08) : 345|42|613
0476(1194.63) : 281|39|680
0481(1207.13) : 301|31|668
0486(1219.59) : 303|41|656
0491(1232.02) : 265|30|705
0496(1244.60) : 287|38|675
0501(1257.06) : 378|31|591
0506(1269.48) : 308|30|662
0511(1281.64) : 305|33|662
0516(1293.99) : 252|40|708
0521(1306.38) : 330|30|640
0526(1318.84) : 337|25|638
0531(1331.29) : 257|36|707
0536(1343.62) : 254|34|712
0541(1356.12) : 336|24|640
0546(1368.62) : 239|37|724
0551(1381.31) : 231|33|736
0556(1393.94) : 243|47|710
0561(1406.46) : 271|31|698
0566(1418.80) : 253|39|708
0571(1431.22) : 257|31|712
0576(1443.45) : 247|42|711
0581(1455.85) : 224|50|726
0586(1468.24) : 281|30|689
0591(1480.72) : 231|42|727
0596(1493.11) : 263|37|700
