0001(0.00) : 958|0|42
0006(12.87) : 977|1|22
0011(25.52) : 954|1|45
0016(38.02) : 971|0|29
0021(50.74) : 962|2|36
0026(63.46) : 948|3|49
0031(76.25) : 959|1|40
0036(88.95) : 958|1|41
0041(102.00) : 962|5|33
0046(114.61) : 946|7|47
0051(127.38) : 936|5|59
0056(139.95) : 933|6|61
0061(152.69) : 923|7|70
0066(165.43) : 933|4|63
0071(178.28) : 916|5|79
0076(190.93) : 916|7|77
0081(203.84) : 903|6|91
0086(216.59) : 931|3|66
0091(229.45) : 902|2|96
0096(242.35) : 905|2|93
0101(255.16) : 906|8|86
0106(267.77) : 913|5|82
0111(280.41) : 913|12|75
0116(293.06) : 870|14|116
0121(305.88) : 875|9|116
0126(318.66) : 880|7|113
0131(331.45) : 884|8|108
0136(344.25) : 899|15|86
0141(356.84) : 868|10|122
0146(369.60) : 861|8|131
0151(382.21) : 881|13|106
0156(394.89) : 868|9|123
0161(407.67) : 859|9|132
0166(420.55) : 828|16|156
0171(433.44) : 852|10|138
0176(446.02) : 835|5|160
0181(458.94) : 816|15|169
0186(471.61) : 842|12|146
0191(484.36) : 818|12|170
0196(497.12) : 837|5|158
0201(509.64) : 824|6|170
0206(522.41) : 784|8|208
0211(535.02) : 821|11|168
0216(547.52) : 832|7|161
0221(560.14) : 817|11|172
0226(572.82) : 791|8|201
0231(585.68) : 798|11|191
0236(598.33) : 817|17|166
0241(611.00) : 831|12|157
0246(623.62) : 786|9|205
0251(636.13) : 791|20|189
0256(648.75) : 778|16|206
0261(661.56) : 773|10|217
0266(674.06) : 791|12|197
0271(686.61) : 716|13|271
0276(699.21) : 769|11|220
0281(712.00) : 738|11|251
0286(724.62) : 727|13|260
0291(737.40) : 693|10|297
0296(750.12) : 696|18|286
0301(762.63) : 699|18|283
0306(775.17) : 636|18|346
0311(787.80) : 692|13|295
0316(800.47) : 701|10|289
0321(813.01) : 728|10|262
0326(825.68) : 764|15|221
0331(838.28) : 700|12|288
0336(851.10) : 643|11|346
0341(863.59) : 690|14|296
0346(876.26) : 669|21|310
0351(888.88) : 722|17|261
0356(901.52) : 630|22|348
0361(914.15) : 631|15|354
0366(926.81) : 571|17|412
0371(939.72) : 598|16|386
0376(952.32) : 606|16|378
0381(965.19) : 652|12|336
0386(977.71) : 539|19|442
0391(990.48) : 628|16|356
0396(1003.27) : 640|18|342
0401(1015.86) : 521|18|461
0406(1028.60) : 526|25|449
0411(1041.28) : 609|21|370
0416(1053.87) : 544|27|429
0421(1066.70) : 471|30|499
0426(1079.34) : 503|18|479
0431(1092.16) : 547|29|424
0436(1104.91) : 610|15|375
0441(1117.66) : 499|21|480
0446(1130.23) : 532|26|442
0451(1142.90) : 506|23|471
0456(1155.55) : 506|19|475
0461(1168.08) : 572|21|407
0466(1180.75) : 498|22|480
0471(1193.54) : 523|23|454
0476(1206.48) : 626|16|358
0481(1219.26) : 514|25|461
0486(1231.88) : 544|20|436
0491(1244.73) : 460|17|523
0496(1257.59) : 545|18|437
0501(1270.03) : 480|21|499
0506(1282.73) : 475|14|511
0511(1295.43) : 425|22|553
0516(1308.24) : 488|21|491
0521(1320.88) : 501|23|476
0526(1333.64) : 412|24|564
0531(1346.29) : 446|26|528
0536(1359.21) : 425|19|556
0541(1371.86) : 444|19|537
0546(1384.39) : 427|23|550
0551(1396.95) : 508|24|468
0556(1409.37) : 376|36|588
0561(1421.90) : 475|27|498
0566(1434.70) : 522|18|460
0571(1447.39) : 471|21|508
0576(1460.08) : 483|31|486
0581(1472.78) : 485|22|493
0586(1485.46) : 425|22|553
0591(1498.46) : 412|38|550
0596(1511.08) : 511|21|468
