0001(0.00) : 970|0|30
0006(14.72) : 971|4|25
0011(29.25) : 964|3|33
0016(43.83) : 953|5|42
0021(58.52) : 941|1|58
0026(73.11) : 951|3|46
0031(87.86) : 934|6|60
0036(102.42) : 943|2|55
0041(117.01) : 939|3|58
0046(131.36) : 927|4|69
0051(145.59) : 922|5|73
0056(160.13) : 918|3|79
0061(174.70) : 900|7|93
0066(189.13) : 926|6|68
0071(203.50) : 913|5|82
0076(218.03) : 890|11|99
0081(232.53) : 904|9|87
0086(246.99) : 910|5|85
0091(261.28) : 883|19|98
0096(275.79) : 843|11|146
0101(290.16) : 863|7|130
0106(304.55) : 879|13|108
0111(318.97) : 906|6|88
0116(333.26) : 873|11|116
0121(347.57) : 839|10|151
0126(362.06) : 858|7|135
0131(376.47) : 866|12|122
0136(390.81) : 843|12|145
0141(405.06) : 836|16|148
0146(419.34) : 820|9|171
0151(434.01) : 825|16|159
0156(448.47) : 801|23|176
0161(462.78) : 782|11|207
0166(477.40) : 820|14|166
0171(491.67) : 788|11|201
0176(505.86) : 743|12|245
0181(520.21) : 753|18|229
0186(534.47) : 718|18|264
0191(549.04) : 720|12|268
0196(563.45) : 704|25|271
0201(577.84) : 725|13|262
0206(592.26) : 667|15|318
0211(607.01) : 730|14|256
0216(621.49) : 735|11|254
0221(636.07) : 684|18|298
0226(650.71) : 681|15|304
0231(665.01) : 556|15|429
0236(679.36) : 576|20|404
0241(693.85) : 673|11|316
0246(708.48) : 579|18|403
0251(722.83) : 556|27|417
0256(737.32) : 621|16|363
0261(751.85) : 601|11|388
0266(766.22) : 534|26|440
0271(780.55) : 634|14|352
0276(794.92) : 511|18|471
0281(809.40) : 588|16|396
0286(823.62) : 486|25|489
0291(837.88) : 565|15|420
0296(852.14) : 504|21|475
0301(866.59) : 480|20|500
0306(881.09) : 453|29|518
0311(895.69) : 554|22|424
0316(909.98) : 508|16|476
0321(924.49) : 390|27|583
0326(939.04) : 469|24|507
0331(953.64) : 475|18|507
0336(968.14) : 444|20|536
0341(982.52) : 446|19|535
0346(997.08) : 318|33|649
0351(1011.63) : 441|20|539
0356(1025.95) : 388|26|586
0361(1040.47) : 430|28|542
0366(1055.05) : 324|44|632
0371(1069.35) : 361|44|595
0376(1083.73) : 442|23|535
0381(1098.31) : 419|24|557
0386(1113.03) : 438|29|533
0391(1127.57) : 355|31|614
0396(1141.89) : 375|17|608
0401(1156.50) : 287|34|679
0406(1171.04) : 295|44|661
0411(1185.31) : 352|44|604
0416(1199.83) : 266|32|702
0421(1214.44) : 378|27|595
0426(1228.95) : 307|47|646
0431(1243.62) : 252|38|710
0436(1258.12) : 324|34|642
0441(1272.65) : 250|42|708
0446(1287.20) : 313|25|662
0451(1301.62) : 239|41|720
0456(1316.31) : 234|48|718
0461(1330.87) : 323|36|641
0466(1345.36) : 287|26|687
0471(1359.90) : 224|47|729
0476(1374.46) : 185|49|766
0481(1389.17) : 219|39|742
0486(1403.75) : 245|36|719
0491(1418.52) : 228|40|732
0496(1433.02) : 250|46|704
0501(1447.70) : 233|47|720
0506(1462.41) : 322|31|647
0511(1476.86) : 177|40|783
0516(1491.60) : 180|50|770
0521(1506.28) : 283|31|686
0526(1520.80) : 187|43|770
0531(1535.54) : 231|45|724
0536(1550.16) : 279|39|682
0541(1564.89) : 157|57|786
0546(1579.71) : 266|43|691
0551(1594.45) : 277|41|682
0556(1609.15) : 221|42|737
0561(1623.88) : 147|51|802
0566(1638.49) : 280|34|686
0571(1653.21) : 180|40|780
0576(1667.87) : 205|51|744
0581(1682.40) : 155|51|794
0586(1697.08) : 225|39|736
0591(1712.01) : 129|55|816
0596(1726.90) : 211|49|740
