0001(0.00) : 973|0|27
0006(15.36) : 967|1|32
0011(31.11) : 950|2|48
0016(46.72) : 960|1|39
0021(62.25) : 942|1|57
0026(77.89) : 942|0|58
0031(93.30) : 947|2|51
0036(108.96) : 935|8|57
0041(124.55) : 947|1|52
0046(140.25) : 926|5|69
0051(155.62) : 935|2|63
0056(171.05) : 959|2|39
0061(186.57) : 917|4|79
0066(202.07) : 924|6|70
0071(217.86) : 917|3|80
0076(233.40) : 927|2|71
0081(248.92) : 934|1|65
0086(264.44) : 933|5|62
0091(280.13) : 934|3|63
0096(295.69) : 913|6|81
0101(311.33) : 897|4|99
0106(326.92) : 887|7|106
0111(342.61) : 918|4|78
0116(358.35) : 919|7|74
0121(373.70) : 891|6|103
0126(389.43) : 875|5|120
0131(404.89) : 907|4|89
0136(420.49) : 897|6|97
0141(435.92) : 847|13|140
0146(451.35) : 832|10|158
0151(466.84) : 847|9|144
0156(482.26) : 852|13|135
0161(497.97) : 865|6|129
0166(513.78) : 816|10|174
0171(529.17) : 844|10|146
0176(544.54) : 819|12|169
0181(559.99) : 813|14|173
0186(575.35) : 800|12|188
0191(590.85) : 822|8|170
0196(606.38) : 809|17|174
0201(621.92) : 826|15|159
0206(637.17) : 782|10|208
0211(652.71) : 782|11|207
0216(668.34) : 803|7|190
0221(683.74) : 744|17|239
0226(699.27) : 740|11|249
0231(714.53) : 731|11|258
0236(729.98) : 780|11|209
0241(745.47) : 718|12|270
0246(760.86) : 801|9|190
0251(776.37) : 724|8|268
0256(791.95) : 685|13|302
0261(807.67) : 708|11|281
0266(823.01) : 729|5|266
0271(838.44) : 704|11|285
0276(853.82) : 678|9|313
0281(869.28) : 680|11|309
0286(884.67) : 715|10|275
0291(900.15) : 672|14|314
0296(915.68) : 663|11|326
0301(931.35) : 687|18|295
0306(946.85) : 642|11|347
0311(962.34) : 619|9|372
0316(977.90) : 645|20|335
0321(993.45) : 627|13|360
0326(1008.91) : 638|20|342
0331(1024.34) : 583|15|402
0336(1039.97) : 698|12|290
0341(1055.47) : 661|18|321
0346(1071.18) : 634|15|351
0351(1086.53) : 616|15|369
0356(1102.25) : 638|11|351
0361(1117.74) : 606|22|372
0366(1133.30) : 545|14|441
0371(1148.80) : 576|22|402
0376(1164.11) : 550|17|433
0381(1179.85) : 596|18|386
0386(1195.33) : 509|14|477
0391(1210.80) : 615|9|376
0396(1226.09) : 498|27|475
0401(1241.71) : 591|20|389
0406(1257.14) : 589|20|391
0411(1272.58) : 500|24|476
0416(1288.07) : 575|26|399
0421(1303.45) : 603|13|384
0426(1318.85) : 500|23|477
0431(1334.45) : 494|15|491
0436(1350.00) : 581|17|402
0441(1365.38) : 504|24|472
0446(1380.72) : 529|17|454
0451(1396.32) : 517|20|463
0456(1411.85) : 492|19|489
0461(1427.50) : 520|18|462
0466(1442.96) : 464|30|506
0471(1458.56) : 517|17|466
0476(1474.08) : 511|19|470
0481(1489.70) : 408|28|564
0486(1505.37) : 424|32|544
0491(1520.79) : 543|19|438
0496(1536.38) : 455|26|519
0501(1551.80) : 490|11|499
0506(1567.42) : 418|25|557
0511(1583.03) : 432|26|542
0516(1598.44) : 467|15|518
0521(1614.04) : 446|30|524
0526(1629.63) : 473|29|498
0531(1645.19) : 391|31|578
0536(1660.66) : 375|24|601
0541(1676.30) : 369|29|602
0546(1692.05) : 426|29|545
0551(1707.68) : 439|25|536
0556(1723.37) : 434|17|549
0561(1738.97) : 419|26|555
0566(1754.57) : 448|25|527
0571(1769.91) : 367|24|609
0576(1785.46) : 425|30|545
0581(1801.01) : 412|34|554
0586(1816.48) : 317|35|648
0591(1832.17) : 400|32|568
0596(1847.80) : 376|30|594
