0001(0.00) : 970|0|30
0006(17.95) : 971|1|28
0011(35.61) : 950|3|47
0016(53.36) : 947|4|49
0021(70.95) : 958|2|40
0026(88.68) : 943|3|54
0031(106.48) : 951|4|45
0036(124.27) : 940|2|58
0041(142.02) : 958|3|39
0046(159.98) : 950|1|49
0051(178.07) : 934|4|62
0056(196.15) : 937|6|57
0061(213.79) : 939|6|55
0066(231.59) : 921|5|74
0071(249.35) : 930|2|68
0076(267.07) : 924|0|76
0081(284.82) : 931|8|61
0086(302.42) : 915|4|81
0091(320.07) : 903|8|89
0096(337.79) : 912|5|83
0101(355.56) : 909|0|91
0106(373.48) : 910|9|81
0111(391.11) : 915|4|81
0116(408.74) : 879|4|117
0121(426.52) : 901|5|94
0126(444.11) : 873|7|120
0131(461.83) : 886|9|105
0136(479.70) : 868|10|122
0141(497.48) : 839|10|151
0146(515.11) : 847|9|144
0151(533.04) : 811|12|177
0156(550.88) : 834|13|153
0161(568.70) : 838|14|148
0166(586.61) : 831|13|156
0171(604.24) : 804|12|184
0176(621.97) : 819|12|169
0181(639.82) : 783|15|202
0186(657.69) : 830|16|154
0191(675.36) : 830|14|156
0196(693.23) : 737|11|252
0201(711.10) : 767|7|226
0206(728.84) : 744|24|232
0211(746.52) : 720|13|267
0216(764.28) : 744|21|235
0221(781.83) : 728|12|260
0226(799.47) : 707|18|275
0231(817.11) : 739|20|241
0236(834.93) : 724|9|267
0241(852.62) : 739|14|247
0246(870.07) : 710|15|275
0251(887.60) : 714|19|267
0256(905.42) : 625|17|358
0261(923.16) : 690|18|292
0266(940.98) : 700|12|288
0271(958.82) : 705|15|280
0276(976.44) : 625|11|364
0281(994.34) : 535|22|443
0286(1012.01) : 490|32|478
0291(1029.87) : 508|22|470
0296(1047.75) : 521|31|448
0301(1065.40) : 526|28|446
0306(1083.11) : 399|34|567
0311(1100.71) : 565|20|415
0316(1118.44) : 463|32|505
0321(1136.15) : 461|25|514
0326(1153.61) : 489|22|489
0331(1171.39) : 403|32|565
0336(1189.35) : 498|26|476
0341(1206.94) : 324|31|645
0346(1224.63) : 426|35|539
0351(1242.29) : 373|30|597
0356(1259.96) : 377|42|581
0361(1277.54) : 356|38|606
0366(1295.04) : 300|40|660
0371(1312.87) : 361|30|609
0376(1330.49) : 305|40|655
0381(1348.13) : 250|33|717
0386(1365.94) : 231|47|722
0391(1383.79) : 323|51|626
0396(1401.57) : 254|35|711
0401(1419.22) : 237|56|707
0406(1436.84) : 200|46|754
0411(1454.81) : 187|53|760
0416(1472.38) : 300|20|680
0421(1490.49) : 241|34|725
0426(1508.24) : 249|40|711
0431(1526.19) : 189|39|772
0436(1543.77) : 178|41|781
0441(1561.57) : 188|53|759
0446(1579.72) : 164|51|785
0451(1597.34) : 139|62|799
0456(1615.30) : 179|55|766
0461(1633.09) : 178|51|771
0466(1651.09) : 159|43|798
0471(1669.14) : 147|62|791
0476(1687.08) : 151|50|799
0481(1705.01) : 185|48|767
0486(1722.95) : 140|57|803
0491(1741.05) : 173|51|776
0496(1758.95) : 110|39|851
0501(1776.81) : 113|54|833
0506(1794.62) : 86|59|855
0511(1812.56) : 148|51|801
0516(1830.49) : 82|64|854
0521(1848.58) : 154|51|795
0526(1866.40) : 157|54|789
0531(1884.43) : 130|50|820
0536(1902.23) : 133|52|815
0541(1920.34) : 136|51|813
0546(1938.35) : 154|46|800
0551(1956.35) : 195|45|760
0556(1974.42) : 100|47|853
0561(1992.49) : 148|54|798
0566(2010.22) : 209|54|737
0571(2027.97) : 147|57|796
0576(2045.84) : 96|52|852
0581(2064.03) : 95|56|849
0586(2081.93) : 126|49|825
0591(2099.93) : 90|71|839
0596(2118.00) : 91|57|852
