0001(0.00) : 964|1|35
0006(18.27) : 975|0|25
0011(36.74) : 970|3|27
0016(54.92) : 973|1|26
0021(73.36) : 960|0|40
0026(91.66) : 952|1|47
0031(109.89) : 947|6|47
0036(128.14) : 955|5|40
0041(146.52) : 949|8|43
0046(164.67) : 947|5|48
0051(182.98) : 947|2|51
0056(201.38) : 924|3|73
0061(219.62) : 933|9|58
0066(237.93) : 920|9|71
0071(256.38) : 913|8|79
0076(274.83) : 913|13|74
0081(293.35) : 889|5|106
0086(311.67) : 911|8|81
0091(330.07) : 888|4|108
0096(348.70) : 883|10|107
0101(366.83) : 884|11|105
0106(385.13) : 883|9|108
0111(403.38) : 866|10|124
0116(421.74) : 846|8|146
0121(440.14) : 850|16|134
0126(458.60) : 850|9|141
0131(476.69) : 829|14|157
0136(495.01) : 821|12|167
0141(513.23) : 806|11|183
0146(531.49) : 823|11|166
0151(549.91) : 762|15|223
0156(568.09) : 792|13|195
0161(586.24) : 797|10|193
0166(604.65) : 777|15|208
0171(622.96) : 805|9|186
0176(641.32) : 763|10|227
0181(659.67) : 676|21|303
0186(678.11) : 731|20|249
0191(696.43) : 696|20|284
0196(714.94) : 702|17|281
0201(733.46) : 721|11|268
0206(751.79) : 667|13|320
0211(770.26) : 704|13|283
0216(788.46) : 696|11|293
0221(806.92) : 652|16|332
0226(825.22) : 623|17|360
0231(843.57) : 611|17|372
0236(861.87) : 598|17|385
0241(880.21) : 655|23|322
0246(898.60) : 529|20|451
0251(917.06) : 608|19|373
0256(935.51) : 539|25|436
0261(953.64) : 517|27|456
0266(971.81) : 534|21|445
0271(990.13) : 490|19|491
0276(1008.64) : 459|32|509
0281(1026.75) : 467|24|509
0286(1045.05) : 521|23|456
0291(1063.08) : 542|24|434
0296(1081.45) : 501|19|480
0301(1099.70) : 461|25|514
0306(1117.93) : 410|28|562
0311(1136.12) : 446|29|525
0316(1154.13) : 409|38|553
0321(1172.16) : 364|37|599
0326(1190.50) : 430|32|538
0331(1208.88) : 403|26|571
0336(1227.29) : 335|45|620
0341(1245.53) : 400|23|577
0346(1263.90) : 391|34|575
0351(1282.10) : 303|41|656
0356(1300.14) : 388|33|579
0361(1318.36) : 363|29|608
0366(1336.83) : 375|23|602
0371(1355.24) : 358|38|604
0376(1373.52) : 289|28|683
0381(1391.87) : 329|34|637
0386(1410.20) : 279|29|692
0391(1428.34) : 333|27|640
0396(1446.59) : 317|33|650
0401(1464.98) : 289|42|669
0406(1483.43) : 296|29|675
0411(1501.50) : 333|49|618
0416(1519.96) : 288|43|669
0421(1538.33) : 307|30|663
0426(1556.70) : 248|45|707
0431(1574.89) : 285|36|679
0436(1593.19) : 322|31|647
0441(1611.54) : 260|38|702
0446(1629.98) : 273|39|688
0451(1648.53) : 296|45|659
0456(1666.85) : 294|48|658
0461(1685.19) : 236|41|723
0466(1703.50) : 201|55|744
0471(1721.88) : 274|38|688
0476(1740.31) : 241|55|704
0481(1758.71) : 212|38|750
0486(1776.90) : 191|59|750
0491(1795.16) : 254|50|696
0496(1813.60) : 199|39|762
0501(1832.06) : 206|52|742
0506(1850.31) : 193|40|767
0511(1868.54) : 241|38|721
0516(1887.04) : 216|50|734
0521(1905.27) : 181|57|762
0526(1923.63) : 225|37|738
0531(1942.05) : 146|55|799
0536(1960.41) : 214|47|739
0541(1978.67) : 162|60|778
0546(1997.05) : 189|45|766
0551(2015.35) : 186|57|757
0556(2033.61) : 151|51|798
0561(2051.87) : 149|46|805
0566(2070.25) : 164|45|791
0571(2088.70) : 169|55|776
0576(2107.24) : 174|52|774
0581(2125.40) : 223|48|729
0586(2143.88) : 257|41|702
0591(2162.06) : 174|50|776
0596(2180.41) : 167|41|792
