0001(0.00) : 973|0|27
0006(6.96) : 963|0|37
0011(13.98) : 978|0|22
0016(21.11) : 968|0|32
0021(28.08) : 962|1|37
0026(35.27) : 964|2|34
0031(42.50) : 951|1|48
0036(49.68) : 967|3|30
0041(56.67) : 955|3|42
0046(63.73) : 964|3|33
0051(70.80) : 940|4|56
0056(77.86) : 936|0|64
0061(84.90) : 934|4|62
0066(91.93) : 934|4|62
0071(99.11) : 942|3|55
0076(106.16) : 907|3|90
0081(113.22) : 918|6|76
0086(120.38) : 905|8|87
0091(127.30) : 889|4|107
0096(134.30) : 913|10|77
0101(141.46) : 920|9|71
0106(148.58) : 916|10|74
0111(155.54) : 925|2|73
0116(162.46) : 862|13|125
0121(169.34) : 895|8|97
0126(176.53) : 873|9|118
0131(183.62) : 914|10|76
0136(190.79) : 891|7|102
0141(197.86) : 919|6|75
0146(204.95) : 889|14|97
0151(212.07) : 886|9|105
0156(219.16) : 860|3|137
0161(226.23) : 874|7|119
0166(233.40) : 874|9|117
0171(240.49) : 849|9|142
0176(247.60) : 867|8|125
0181(254.66) : 844|9|147
0186(261.76) : 838|11|151
0191(268.90) : 840|13|147
0196(275.85) : 814|9|177
0201(283.01) : 866|6|128
0206(290.06) : 844|8|148
0211(297.04) : 809|7|184
0216(304.13) : 842|14|144
0221(311.28) : 839|9|152
0226(318.39) : 837|6|157
0231(325.61) : 823|16|161
0236(332.71) : 837|9|154
0241(339.61) : 796|6|198
0246(346.48) : 817|7|176
0251(353.48) : 819|2|179
0256(360.68) : 787|8|205
0261(367.83) : 803|16|181
0266(374.68) : 803|10|187
0271(381.61) : 749|11|240
0276(388.75) : 794|12|194
0281(395.73) : 782|9|209
0286(402.88) : 797|9|194
0291(409.90) : 792|9|199
0296(416.88) : 772|9|219
0301(423.93) : 760|11|229
0306(430.96) : 791|7|202
0311(438.09) : 776|14|210
0316(445.29) : 736|9|255
0321(452.11) : 742|13|245
0326(459.23) : 770|8|222
0331(466.47) : 751|11|238
0336(473.55) : 733|6|261
0341(480.60) : 751|6|243
0346(487.64) : 708|10|282
0351(494.78) : 697|13|290
0356(501.68) : 695|8|297
0361(508.82) : 747|9|244
0366(515.83) : 758|7|235
0371(522.89) : 710|16|274
0376(529.98) : 725|12|263
0381(537.16) : 753|11|236
0386(544.09) : 737|9|254
0391(551.09) : 679|14|307
0396(558.08) : 729|13|258
0401(565.20) : 685|6|309
0406(572.35) : 750|11|239
0411(579.43) : 696|6|298
0416(586.36) : 666|12|322
0421(593.41) : 648|15|337
0426(600.37) : 714|16|270
0431(607.45) : 701|12|287
0436(614.58) : 716|17|267
0441(621.29) : 698|12|290
0446(628.30) : 669|15|316
0451(635.18) : 725|12|263
0456(642.05) : 666|13|321
0461(649.04) : 666|17|317
0466(655.90) : 664|15|321
0471(662.93) : 697|14|289
0476(669.95) : 661|9|330
0481(676.80) : 628|16|356
0486(683.80) : 654|10|336
0491(690.91) : 638|21|341
0496(697.97) : 641|15|344
0501(704.89) : 630|11|359
0506(712.03) : 691|9|300
0511(718.99) : 576|15|409
0516(726.01) : 674|7|319
0521(732.86) : 631|11|358
0526(739.89) : 660|19|321
0531(746.74) : 604|21|375
0536(753.69) : 609|17|374
0541(760.55) : 618|17|365
0546(767.67) : 683|9|308
0551(774.79) : 600|20|380
0556(781.74) : 683|8|309
0561(788.64) : 685|15|300
0566(795.65) : 611|14|375
0571(802.54) : 627|18|355
0576(809.63) : 599|20|381
0581(816.63) : 711|14|275
0586(823.75) : 639|13|348
0591(830.83) : 583|17|400
0596(837.93) : 616|13|371
