0001(0.00) : 968|0|32
0006(21.10) : 981|0|19
0011(41.95) : 968|4|28
0016(62.75) : 954|3|43
0021(83.74) : 959|1|40
0026(104.60) : 941|1|58
0031(125.62) : 936|6|58
0036(146.64) : 937|4|59
0041(167.55) : 922|6|72
0046(188.54) : 921|6|73
0051(209.27) : 940|2|58
0056(230.01) : 928|4|68
0061(251.09) : 944|5|51
0066(271.96) : 915|6|79
0071(292.78) : 879|14|107
0076(314.00) : 889|5|106
0081(335.21) : 881|6|113
0086(356.53) : 908|10|82
0091(377.87) : 923|3|74
0096(399.24) : 906|10|84
0101(420.57) : 891|9|100
0106(441.90) : 870|13|117
0111(463.09) : 878|7|115
0116(484.15) : 862|10|128
0121(505.14) : 853|4|143
0126(526.42) : 854|11|135
0131(547.82) : 860|12|128
0136(568.88) : 857|15|128
0141(590.18) : 834|6|160
0146(611.41) : 830|13|157
0151(632.63) : 848|11|141
0156(653.86) : 859|7|134
0161(675.32) : 823|10|167
0166(696.43) : 828|15|157
0171(717.85) : 820|15|165
0176(739.39) : 857|10|133
0181(760.59) : 837|11|152
0186(781.83) : 820|14|166
0191(802.96) : 828|5|167
0196(824.29) : 824|10|166
0201(845.17) : 795|12|193
0206(866.66) : 827|7|166
0211(887.96) : 803|11|186
0216(909.10) : 777|12|211
0221(930.31) : 751|12|237
0226(951.13) : 815|10|175
0231(972.31) : 802|15|183
0236(993.49) : 769|17|214
0241(1014.71) : 771|17|212
0246(1035.93) : 784|14|202
0251(1057.04) : 799|12|189
0256(1078.46) : 770|10|220
0261(1099.67) : 782|10|208
0266(1121.02) : 765|14|221
0271(1142.20) : 668|12|320
0276(1163.48) : 693|11|296
0281(1184.68) : 755|11|234
0286(1206.06) : 706|15|279
0291(1227.47) : 679|11|310
0296(1248.97) : 623|16|361
0301(1270.35) : 738|15|247
0306(1291.52) : 690|17|293
0311(1312.80) : 675|9|316
0316(1334.05) : 587|24|389
0321(1355.45) : 599|17|384
0326(1376.54) : 650|13|337
0331(1397.92) : 618|22|360
0336(1419.29) : 627|12|361
0341(1440.59) : 620|11|369
0346(1461.75) : 608|23|369
0351(1483.02) : 601|21|378
0356(1504.30) : 580|16|404
0361(1525.91) : 483|23|494
0366(1547.13) : 528|15|457
0371(1568.33) : 553|19|428
0376(1589.61) : 613|23|364
0381(1611.01) : 580|21|399
0386(1632.43) : 506|17|477
0391(1653.78) : 588|18|394
0396(1675.20) : 547|19|434
0401(1696.62) : 490|30|480
0406(1717.94) : 422|24|554
0411(1739.22) : 449|31|520
0416(1760.58) : 461|26|513
0421(1782.09) : 417|20|563
0426(1803.59) : 429|23|548
0431(1825.04) : 515|16|469
0436(1846.52) : 459|22|519
0441(1868.03) : 436|25|539
0446(1889.33) : 424|19|557
0451(1910.97) : 554|17|429
0456(1932.46) : 416|26|558
0461(1953.97) : 416|23|561
0466(1975.20) : 462|27|511
0471(2000.59) : 368|31|601
0476(2022.44) : 375|28|597
0481(2044.30) : 335|37|628
0486(2066.20) : 389|34|577
0491(2088.04) : 329|26|645
0496(2110.03) : 320|26|654
0501(2131.79) : 350|37|613
0506(2156.16) : 311|38|651
0511(2179.41) : 323|34|643
0516(2202.01) : 301|30|669
0521(2224.14) : 319|28|653
0526(2248.21) : 259|29|712
0531(2270.15) : 255|39|706
0536(2293.18) : 233|46|721
0541(2315.57) : 216|41|743
0546(2336.95) : 299|23|678
0551(2365.83) : 315|29|656
0556(2388.18) : 227|40|733
0561(2409.55) : 228|39|733
0566(2431.54) : 336|25|639
0571(2453.43) : 270|34|696
0576(2475.21) : 241|40|719
0581(2497.01) : 251|41|708
0586(2518.36) : 231|42|727
0591(2540.52) : 224|37|739
0596(2562.57) : 267|38|695
