0001(0.00) : 971|2|27
0006(8.86) : 962|2|36
0011(17.70) : 960|1|39
0016(26.35) : 957|2|41
0021(34.99) : 956|1|43
0026(43.65) : 946|0|54
0031(52.50) : 958|8|34
0036(61.29) : 941|5|54
0041(70.16) : 960|0|40
0046(79.05) : 958|1|41
0051(87.88) : 958|4|38
0056(96.65) : 953|6|41
0061(105.32) : 950|3|47
0066(114.09) : 934|5|61
0071(122.91) : 942|4|54
0076(131.60) : 927|5|68
0081(140.41) : 950|4|46
0086(149.34) : 926|4|70
0091(158.18) : 930|3|67
0096(166.90) : 923|6|71
0101(175.65) : 919|5|76
0106(184.46) : 938|2|60
0111(193.21) : 935|6|59
0116(202.00) : 931|3|66
0121(210.82) : 910|8|82
0126(219.74) : 922|3|75
0131(228.75) : 926|6|68
0136(237.81) : 901|2|97
0141(246.70) : 899|9|92
0146(255.55) : 898|7|95
0151(264.32) : 892|3|105
0156(273.21) : 905|7|88
0161(282.11) : 882|4|114
0166(290.83) : 886|13|101
0171(299.66) : 874|10|116
0176(308.55) : 866|8|126
0181(317.32) : 865|4|131
0186(326.00) : 866|5|129
0191(334.76) : 881|10|109
0196(343.73) : 892|5|103
0201(352.61) : 888|6|106
0206(361.58) : 845|9|146
0211(370.51) : 894|9|97
0216(379.21) : 870|6|124
0221(387.91) : 857|7|136
0226(396.55) : 844|7|149
0231(405.43) : 828|13|159
0236(414.49) : 840|9|151
0241(423.20) : 853|10|137
0246(432.08) : 852|9|139
0251(441.10) : 828|7|165
0256(449.88) : 823|10|167
0261(458.72) : 803|9|188
0266(467.64) : 824|5|171
0271(476.60) : 821|9|170
0276(485.31) : 843|10|147
0281(494.15) : 804|12|184
0286(503.08) : 760|11|229
0291(511.83) : 774|12|214
0296(520.75) : 792|15|193
0301(529.58) : 779|19|202
0306(538.45) : 791|11|198
0311(547.26) : 772|14|214
0316(556.12) : 777|13|210
0321(565.08) : 782|15|203
0326(573.62) : 783|14|203
0331(582.32) : 749|22|229
0336(591.07) : 700|13|287
0341(599.83) : 738|18|244
0346(608.48) : 769|14|217
0351(617.40) : 764|14|222
0356(626.40) : 750|7|243
0361(635.50) : 778|13|209
0366(644.28) : 718|11|271
0371(653.26) : 773|7|220
0376(662.05) : 700|15|285
0381(670.91) : 708|14|278
0386(679.94) : 751|8|241
0391(688.67) : 715|14|271
0396(697.73) : 725|13|262
0401(706.61) : 661|13|326
0406(715.43) : 682|13|305
0411(724.49) : 665|15|320
0416(733.37) : 667|15|318
0421(742.05) : 701|14|285
0426(750.99) : 695|19|286
0431(759.81) : 703|12|285
0436(768.74) : 709|16|275
0441(777.64) : 708|15|277
0446(786.58) : 696|22|282
0451(795.54) : 663|18|319
0456(804.32) : 655|19|326
0461(812.94) : 688|25|287
0466(821.59) : 670|18|312
0471(830.34) : 606|21|373
0476(838.99) : 666|17|317
0481(847.66) : 649|30|321
0486(856.54) : 651|18|331
0491(865.52) : 673|18|309
0496(874.21) : 608|24|368
0501(882.68) : 627|18|355
0506(891.41) : 663|15|322
0511(900.30) : 669|13|318
0516(909.01) : 611|15|374
0521(917.64) : 576|14|410
0526(926.38) : 725|10|265
0531(935.27) : 595|16|389
0536(943.82) : 647|22|331
0541(952.63) : 639|6|355
0546(961.42) : 668|18|314
0551(970.33) : 578|18|404
0556(979.06) : 626|23|351
0561(987.85) : 618|20|362
0566(996.50) : 594|28|378
0571(1005.14) : 577|19|404
0576(1013.83) : 580|20|400
0581(1022.66) : 590|20|390
0586(1031.25) : 600|15|385
0591(1040.07) : 656|17|327
0596(1048.84) : 644|24|332
