0001(0.00) : 975|0|25
0006(10.04) : 959|2|39
0011(19.86) : 957|0|43
0016(29.71) : 960|2|38
0021(39.58) : 961|1|38
0026(49.42) : 949|1|50
0031(59.41) : 948|2|50
0036(69.41) : 943|4|53
0041(79.24) : 926|7|67
0046(89.03) : 948|3|49
0051(98.72) : 920|1|79
0056(108.51) : 944|4|52
0061(118.34) : 917|5|78
0066(128.22) : 913|2|85
0071(138.24) : 883|8|109
0076(147.92) : 905|7|88
0081(157.93) : 895|5|100
0086(167.73) : 877|12|111
0091(177.35) : 884|12|104
0096(187.17) : 894|6|100
0101(196.92) : 897|3|100
0106(206.80) : 862|6|132
0111(216.80) : 875|9|116
0116(226.55) : 863|13|124
0121(236.33) : 881|12|107
0126(246.25) : 850|12|138
0131(256.13) : 873|4|123
0136(265.88) : 855|9|136
0141(275.55) : 866|2|132
0146(285.40) : 800|16|184
0151(295.10) : 833|13|154
0156(304.96) : 812|15|173
0161(314.72) : 802|15|183
0166(324.50) : 806|8|186
0171(334.29) : 843|14|143
0176(344.36) : 786|9|205
0181(354.22) : 803|15|182
0186(363.96) : 791|11|198
0191(373.83) : 814|14|172
0196(383.64) : 795|10|195
0201(393.40) : 789|18|193
0206(403.16) : 766|19|215
0211(412.88) : 764|9|227
0216(422.78) : 756|10|234
0221(432.56) : 760|13|227
0226(442.40) : 712|16|272
0231(452.22) : 753|8|239
0236(462.01) : 726|6|268
0241(471.91) : 733|9|258
0246(481.52) : 721|15|264
0251(491.42) : 746|12|242
0256(501.20) : 761|10|229
0261(511.11) : 658|14|328
0266(520.91) : 698|17|285
0271(530.73) : 705|19|276
0276(540.69) : 681|13|306
0281(550.34) : 697|22|281
0286(560.23) : 648|17|335
0291(570.13) : 656|23|321
0296(579.99) : 690|10|300
0301(589.83) : 711|12|277
0306(599.41) : 747|13|240
0311(609.40) : 596|16|388
0316(619.12) : 722|14|264
0321(629.03) : 571|28|401
0326(638.69) : 625|24|351
0331(648.42) : 615|13|372
0336(658.28) : 684|18|298
0341(668.20) : 611|22|367
0346(678.03) : 716|19|265
0351(687.82) : 579|14|407
0356(697.54) : 629|16|355
0361(707.13) : 617|23|360
0366(716.81) : 523|21|456
0371(726.68) : 566|25|409
0376(736.43) : 573|17|410
0381(745.99) : 564|18|418
0386(755.66) : 626|18|356
0391(765.21) : 532|21|447
0396(774.76) : 515|27|458
0401(784.56) : 555|19|426
0406(794.32) : 577|24|399
0411(803.90) : 558|20|422
0416(813.76) : 559|18|423
0421(823.41) : 538|19|443
0426(833.00) : 498|30|472
0431(842.81) : 551|28|421
0436(852.80) : 559|17|424
0441(862.63) : 613|18|369
0446(872.35) : 538|22|440
0451(882.16) : 539|12|449
0456(892.06) : 549|16|435
0461(901.66) : 459|21|520
0466(911.42) : 502|14|484
0471(920.98) : 479|29|492
0476(930.72) : 448|29|523
0481(940.52) : 566|20|414
0486(950.26) : 437|29|534
0491(960.15) : 395|24|581
0496(969.84) : 538|14|448
0501(979.45) : 535|20|445
0506(989.19) : 500|30|470
0511(998.93) : 394|20|586
0516(1008.64) : 470|29|501
0521(1018.33) : 404|27|569
0526(1028.18) : 520|28|452
0531(1037.93) : 384|26|590
0536(1047.57) : 384|28|588
0541(1057.26) : 445|36|519
0546(1067.11) : 364|20|616
0551(1076.97) : 523|28|449
0556(1086.80) : 468|20|512
0561(1096.50) : 361|26|613
0566(1106.06) : 445|31|524
0571(1115.61) : 301|38|661
0576(1125.35) : 452|18|530
0581(1135.14) : 409|24|567
0586(1144.90) : 374|30|596
0591(1154.64) : 364|41|595
0596(1164.26) : 303|27|670
