0001(0.00) : 969|0|31
0006(11.64) : 984|0|16
0011(23.25) : 966|2|32
0016(34.84) : 957|2|41
0021(46.45) : 960|4|36
0026(58.13) : 966|0|34
0031(69.60) : 947|1|52
0036(81.21) : 942|2|56
0041(92.74) : 962|3|35
0046(104.20) : 940|6|54
0051(115.85) : 935|5|60
0056(127.38) : 926|9|65
0061(139.07) : 920|4|76
0066(150.84) : 931|5|64
0071(162.35) : 927|3|70
0076(173.94) : 919|9|72
0081(185.68) : 914|4|82
0086(197.32) : 924|2|74
0091(208.84) : 897|8|95
0096(220.59) : 887|8|105
0101(232.21) : 911|6|83
0106(243.71) : 868|10|122
0111(255.26) : 876|10|114
0116(266.74) : 888|11|101
0121(278.45) : 884|15|101
0126(290.06) : 867|8|125
0131(301.77) : 825|14|161
0136(313.34) : 878|6|116
0141(325.00) : 865|6|129
0146(336.68) : 846|11|143
0151(348.36) : 859|6|135
0156(359.88) : 846|7|147
0161(371.44) : 802|12|186
0166(383.06) : 793|13|194
0171(394.65) : 808|10|182
0176(406.40) : 811|15|174
0181(418.14) : 795|8|197
0186(429.70) : 769|11|220
0191(441.46) : 802|3|195
0196(453.02) : 790|16|194
0201(464.59) : 793|13|194
0206(476.16) : 774|16|210
0211(487.67) : 792|9|199
0216(499.25) : 776|12|212
0221(511.05) : 755|23|222
0226(522.63) : 731|11|258
0231(534.46) : 777|13|210
0236(545.84) : 765|10|225
0241(557.48) : 770|12|218
0246(569.30) : 704|12|284
0251(581.16) : 720|8|272
0256(592.74) : 774|14|212
0261(604.29) : 738|22|240
0266(615.77) : 710|19|271
0271(627.32) : 681|19|300
0276(638.98) : 717|13|270
0281(650.55) : 697|17|286
0286(662.17) : 686|17|297
0291(673.43) : 659|13|328
0296(685.07) : 766|11|223
0301(696.73) : 718|13|269
0306(708.55) : 728|14|258
0311(720.18) : 687|12|301
0316(731.77) : 712|17|271
0321(743.46) : 684|10|306
0326(754.99) : 661|14|325
0331(766.60) : 670|25|305
0336(778.20) : 619|7|374
0341(789.93) : 588|24|388
0346(801.43) : 720|13|267
0351(813.02) : 652|11|337
0356(824.22) : 622|22|356
0361(835.63) : 653|19|328
0366(847.12) : 613|20|367
0371(858.69) : 642|14|344
0376(870.36) : 674|21|305
0381(881.86) : 607|20|373
0386(893.54) : 687|11|302
0391(905.14) : 637|12|351
0396(916.52) : 615|16|369
0401(928.21) : 633|24|343
0406(939.76) : 548|16|436
0411(951.19) : 556|17|427
0416(962.86) : 585|20|395
0421(974.57) : 559|21|420
0426(986.17) : 602|15|383
0431(997.55) : 613|15|372
0436(1009.13) : 535|25|440
0441(1020.69) : 504|20|476
0446(1032.33) : 535|23|442
0451(1043.70) : 539|22|439
0456(1055.31) : 490|25|485
0461(1066.71) : 521|26|453
0466(1078.17) : 482|18|500
0471(1089.58) : 520|22|458
0476(1100.95) : 562|25|413
0481(1112.34) : 531|23|446
0486(1123.85) : 435|33|532
0491(1135.42) : 457|27|516
0496(1146.87) : 464|23|513
0501(1158.15) : 510|14|476
0506(1169.63) : 482|17|501
0511(1181.24) : 498|18|484
0516(1192.65) : 439|25|536
0521(1204.36) : 497|23|480
0526(1215.85) : 459|32|509
0531(1227.43) : 438|30|532
0536(1239.13) : 400|35|565
0541(1250.54) : 402|25|573
0546(1261.95) : 508|24|468
0551(1273.46) : 407|27|566
0556(1284.75) : 439|29|532
0561(1296.17) : 412|22|566
0566(1307.79) : 391|23|586
0571(1319.15) : 405|25|570
0576(1330.58) : 424|34|542
0581(1341.91) : 457|24|519
0586(1353.37) : 347|37|616
0591(1364.90) : 443|30|527
0596(1376.15) : 424|30|546
