0001 : 873|0|127
0002 : 955|6|39
0003 : 963|3|34
0004 : 956|2|42
0005 : 955|3|42
0006 : 939|7|54
0007 : 940|1|59
0008 : 940|3|57
0009 : 903|10|87
0010 : 941|4|55
0011 : 922|5|73
0012 : 930|9|61
0013 : 927|8|65
0014 : 840|14|146
0015 : 896|4|100
0016 : 912|9|79
0017 : 923|7|70
0018 : 901|9|90
0019 : 900|12|88
0020 : 874|11|115
0021 : 712|7|281
0022 : 783|9|208
0023 : 896|8|96
0024 : 893|11|96
0025 : 887|12|101
0026 : 868|6|126
0027 : 764|8|228
0028 : 871|16|113
0029 : 862|12|126
0030 : 821|5|174
0031 : 879|15|106
0032 : 855|14|131
0033 : 853|14|133
0034 : 840|7|153
0035 : 854|13|133
0036 : 831|8|161
0037 : 827|12|161
0038 : 828|11|161
0039 : 770|20|210
0040 : 833|7|160
0041 : 827|14|159
0042 : 774|10|216
0043 : 792|8|200
0044 : 737|20|243
0045 : 727|12|261
0046 : 731|8|261
0047 : 718|13|269
0048 : 742|17|241
0049 : 729|12|259
0050 : 696|11|293
0051 : 724|11|265
0052 : 710|16|274
0053 : 763|16|221
0054 : 771|18|211
0055 : 755|19|226
0056 : 700|16|284
0057 : 675|14|311
0058 : 657|15|328
0059 : 699|16|285
0060 : 676|12|312
0061 : 713|10|277
0062 : 703|12|285
0063 : 678|11|311
0064 : 674|12|314
0065 : 712|11|277
0066 : 638|14|348
0067 : 682|17|301
0068 : 666|14|320
0069 : 675|13|312
0070 : 677|20|303
0071 : 670|14|316
0072 : 689|16|295
0073 : 704|10|286
0074 : 710|19|271
0075 : 689|13|298
0076 : 636|11|353
0077 : 666|13|321
0078 : 692|10|298
0079 : 647|17|336
0080 : 681|14|305
0081 : 615|16|369
0082 : 638|12|350
0083 : 653|16|331
0084 : 616|22|362
0085 : 575|17|408
0086 : 633|17|350
0087 : 623|14|363
0088 : 597|12|391
0089 : 593|20|387
0090 : 586|11|403
0091 : 575|14|411
0092 : 601|7|392
0093 : 658|17|325
0094 : 575|18|407
0095 : 586|13|401
0096 : 523|25|452
0097 : 517|22|461
0098 : 456|23|521
0099 : 531|19|450
0100 : 572|20|408
0101 : 524|17|459
0102 : 446|27|527
0103 : 532|21|447
0104 : 491|22|487
0105 : 394|29|577
0106 : 390|13|597
0107 : 473|14|513
0108 : 445|26|529
0109 : 457|22|521
0110 : 345|30|625
0111 : 435|32|533
0112 : 349|24|627
0113 : 320|25|655
0114 : 379|27|594
0115 : 369|27|604
0116 : 406|31|563
0117 : 331|22|647
0118 : 408|24|568
0119 : 348|29|623
0120 : 369|30|601
0121 : 263|47|690
0122 : 361|27|612
0123 : 296|34|670
0124 : 232|37|731
0125 : 268|33|699
0126 : 268|40|692
0127 : 257|32|711
0128 : 337|26|637
0129 : 248|28|724
0130 : 264|32|704
0131 : 295|31|674
0132 : 255|34|711
0133 : 287|28|685
0134 : 311|32|657
0135 : 199|37|764
0136 : 198|50|752
0137 : 162|50|788
0138 : 223|41|736
0139 : 229|39|732
0140 : 263|28|709
0141 : 168|36|796
0142 : 251|37|712
0143 : 279|37|684
0144 : 167|33|800
0145 : 220|28|752
0146 : 251|49|700
0147 : 163|47|790
0148 : 137|44|819
0149 : 188|56|756
0150 : 159|45|796
0151 : 183|47|770
0152 : 147|37|816
0153 : 163|39|798
0154 : 86|62|852
0155 : 218|54|728
0156 : 152|38|810
0157 : 119|55|826
0158 : 181|33|786
0159 : 150|50|800
0160 : 127|52|821
0161 : 164|43|793
0162 : 115|52|833
0163 : 105|50|845
0164 : 141|74|785
0165 : 177|49|774
0166 : 109|50|841
0167 : 139|56|805
0168 : 120|54|826
0169 : 191|40|769
0170 : 118|45|837
0171 : 83|59|858
0172 : 79|48|873
0173 : 161|54|785
0174 : 95|54|851
0175 : 207|43|750
0176 : 103|56|841
0177 : 66|58|876
0178 : 148|43|809
0179 : 79|53|868
0180 : 114|56|830
0181 : 125|57|818
0182 : 120|44|836
0183 : 136|32|832
0184 : 86|56|858
0185 : 135|43|822
0186 : 194|57|749
0187 : 155|38|807
0188 : 99|47|854
0189 : 81|50|869
0190 : 160|42|798
0191 : 58|61|881
0192 : 76|63|861
0193 : 89|56|855
0194 : 84|67|849
0195 : 65|74|861
0196 : 87|61|852
0197 : 72|49|879
0198 : 107|65|828
0199 : 76|49|875
0200 : 130|51|819
0201 : 102|68|830
0202 : 135|58|807
0203 : 100|40|860
0204 : 136|37|827
0205 : 63|68|869
0206 : 126|50|824
0207 : 94|50|856
0208 : 99|60|841
0209 : 64|65|871
0210 : 81|66|853
0211 : 83|74|843
0212 : 80|67|853
0213 : 86|51|863
0214 : 67|65|868
0215 : 108|58|834
0216 : 73|64|863
0217 : 103|56|841
0218 : 120|61|819
0219 : 273|44|683
0220 : 112|61|827
0221 : 133|60|807
0222 : 153|62|785
0223 : 92|55|853
0224 : 91|49|860
0225 : 70|50|880
0226 : 106|49|845
0227 : 94|62|844
0228 : 120|66|814
0229 : 143|47|810
0230 : 146|54|800
0231 : 122|47|831
0232 : 77|51|872
0233 : 63|55|882
0234 : 108|66|826
0235 : 125|64|811
0236 : 114|54|832
0237 : 74|55|871
0238 : 83|71|846
0239 : 120|73|807
0240 : 155|53|792
0241 : 62|75|863
0242 : 194|39|767
0243 : 198|40|762
0244 : 76|50|874
0245 : 63|75|862
0246 : 75|67|858
0247 : 52|53|895
0248 : 66|52|882
0249 : 142|69|789
0250 : 84|44|872
0251 : 92|50|858
0252 : 149|58|793
0253 : 82|64|854
0254 : 74|66|860
0255 : 93|55|852
0256 : 55|62|883
0257 : 87|75|838
0258 : 64|64|872
0259 : 78|75|847
0260 : 77|54|869
0261 : 98|62|840
0262 : 106|60|834
0263 : 71|67|862
0264 : 81|55|864
0265 : 45|80|875
0266 : 27|67|906
0267 : 50|65|885
0268 : 25|62|913
0269 : 70|75|855
0270 : 77|64|859
0271 : 42|78|880
0272 : 20|60|920
0273 : 71|60|869
0274 : 46|50|904
0275 : 114|62|824
0276 : 53|67|880
0277 : 57|53|890
0278 : 55|81|864
0279 : 72|71|857
0280 : 64|82|854
0281 : 39|64|897
0282 : 22|57|921
0283 : 56|69|875
0284 : 81|66|853
0285 : 30|64|906
0286 : 52|61|887
0287 : 60|75|865
0288 : 44|70|886
0289 : 56|62|882
0290 : 84|55|861
0291 : 58|68|874
0292 : 46|89|865
0293 : 54|70|876
0294 : 43|63|894
0295 : 53|59|888
0296 : 88|76|836
0297 : 38|78|884
0298 : 76|65|859
0299 : 49|56|895
0300 : 42|70|888
0301 : 37|81|882
0302 : 54|55|891
0303 : 38|83|879
0304 : 42|70|888
0305 : 66|75|859
0306 : 55|66|879
0307 : 51|65|884
0308 : 33|69|898
0309 : 25|82|893
0310 : 33|67|900
0311 : 45|52|903
0312 : 42|69|889
0313 : 32|66|902
0314 : 25|91|884
0315 : 46|56|898
0316 : 56|69|875
0317 : 41|67|892
0318 : 45|78|877
0319 : 47|79|874
0320 : 24|67|909
0321 : 47|85|868
0322 : 28|56|916
0323 : 43|91|866
0324 : 74|81|845
0325 : 46|63|891
0326 : 46|86|868
0327 : 106|71|823
0328 : 32|82|886
0329 : 30|74|896
0330 : 40|72|888
0331 : 23|74|903
0332 : 20|75|905
0333 : 63|73|864
0334 : 20|72|908
0335 : 38|68|894
0336 : 36|65|899
0337 : 145|79|776
0338 : 102|67|831
0339 : 36|72|892
0340 : 26|73|901
0341 : 43|73|884
0342 : 20|70|910
0343 : 25|78|897
0344 : 29|66|905
0345 : 37|65|898
0346 : 27|76|897
0347 : 47|68|885
0348 : 22|70|908
0349 : 38|76|886
0350 : 34|75|891
0351 : 38|70|892
0352 : 13|60|927
0353 : 14|80|906
0354 : 44|93|863
0355 : 26|81|893
0356 : 23|71|906
0357 : 28|81|891
0358 : 15|57|928
0359 : 28|89|883
0360 : 59|79|862
0361 : 27|74|899
0362 : 56|88|856
0363 : 76|64|860
0364 : 29|74|897
0365 : 19|76|905
0366 : 21|91|888
0367 : 34|65|901
0368 : 42|78|880
0369 : 51|84|865
0370 : 51|75|874
0371 : 47|80|873
0372 : 33|60|907
0373 : 51|83|866
0374 : 25|75|900
0375 : 24|76|900
0376 : 41|88|871
0377 : 27|72|901
0378 : 13|79|908
0379 : 61|74|865
0380 : 26|82|892
0381 : 25|72|903
0382 : 39|66|895
0383 : 33|58|909
0384 : 41|64|895
0385 : 28|63|909
0386 : 20|82|898
0387 : 28|68|904
0388 : 29|81|890
0389 : 41|70|889
0390 : 27|66|907
0391 : 32|73|895
0392 : 38|85|877
0393 : 22|68|910
0394 : 26|80|894
0395 : 20|69|911
0396 : 40|60|900
0397 : 59|66|875
0398 : 27|78|895
0399 : 16|78|906
0400 : 19|67|914
0401 : 19|77|904
0402 : 54|76|870
0403 : 42|66|892
0404 : 25|72|903
0405 : 31|71|898
0406 : 30|57|913
0407 : 26|80|894
0408 : 40|79|881
0409 : 18|81|901
0410 : 34|63|903
0411 : 40|72|888
0412 : 56|74|870
0413 : 43|81|876
0414 : 19|64|917
0415 : 13|66|921
0416 : 35|80|885
0417 : 15|68|917
0418 : 94|72|834
0419 : 31|71|898
0420 : 19|76|905
0421 : 12|75|913
0422 : 14|63|923
0423 : 24|65|911
0424 : 22|77|901
0425 : 56|88|856
0426 : 21|73|906
0427 : 14|53|933
0428 : 26|72|902
0429 : 43|66|891
0430 : 72|76|852
0431 : 17|72|911
0432 : 45|71|884
0433 : 27|66|907
0434 : 18|81|901
0435 : 11|70|919
0436 : 23|69|908
0437 : 28|60|912
0438 : 26|58|916
0439 : 21|63|916
0440 : 17|84|899
0441 : 34|74|892
0442 : 8|81|911
0443 : 30|81|889
0444 : 11|78|911
0445 : 14|62|924
0446 : 29|71|900
0447 : 8|76|916
0448 : 19|69|912
0449 : 103|59|838
0450 : 34|60|906
0451 : 22|79|899
0452 : 22|68|910
0453 : 49|60|891
0454 : 48|83|869
0455 : 18|67|915
0456 : 11|61|928
0457 : 38|71|891
0458 : 16|70|914
0459 : 29|59|912
0460 : 25|87|888
0461 : 21|78|901
0462 : 20|64|916
0463 : 64|68|868
0464 : 75|89|836
0465 : 33|81|886
0466 : 62|72|866
0467 : 17|67|916
0468 : 29|78|893
0469 : 38|62|900
0470 : 20|97|883
0471 : 10|74|916
0472 : 46|76|878
0473 : 26|82|892
0474 : 35|63|902
0475 : 32|75|893
0476 : 32|102|866
0477 : 6|73|921
0478 : 8|66|926
0479 : 36|66|898
0480 : 28|62|910
0481 : 8|73|919
0482 : 11|76|913
0483 : 7|69|924
0484 : 31|70|899
0485 : 19|81|900
0486 : 26|61|913
0487 : 24|77|899
0488 : 27|58|915
0489 : 8|70|922
0490 : 33|84|883
0491 : 35|70|895
0492 : 36|74|890
0493 : 41|80|879
0494 : 20|66|914
0495 : 13|75|912
0496 : 16|80|904
0497 : 14|84|902
0498 : 10|74|916
0499 : 44|79|877
0500 : 49|85|866
0501 : 22|74|904
0502 : 11|72|917
0503 : 21|77|902
0504 : 34|50|916
0505 : 28|67|905
0506 : 14|68|918
0507 : 25|70|905
0508 : 36|69|895
0509 : 81|87|832
0510 : 4|64|932
0511 : 46|67|887
0512 : 38|65|897
0513 : 9|90|901
0514 : 20|69|911
0515 : 94|68|838
0516 : 55|63|882
0517 : 24|66|910
0518 : 9|77|914
0519 : 33|72|895
0520 : 11|63|926
0521 : 27|64|909
0522 : 17|78|905
0523 : 36|74|890
0524 : 13|79|908
0525 : 18|60|922
0526 : 29|94|877
0527 : 16|72|912
0528 : 47|70|883
0529 : 38|60|902
0530 : 50|74|876
0531 : 69|81|850
0532 : 36|79|885
0533 : 21|82|897
0534 : 34|51|915
0535 : 28|81|891
0536 : 16|72|912
0537 : 22|62|916
0538 : 41|70|889
0539 : 31|65|904
0540 : 18|71|911
0541 : 11|87|902
0542 : 23|74|903
0543 : 21|77|902
0544 : 19|81|900
0545 : 24|73|903
0546 : 31|94|875
0547 : 15|85|900
0548 : 28|74|898
0549 : 21|61|918
0550 : 33|77|890
0551 : 16|77|907
0552 : 37|70|893
0553 : 17|80|903
0554 : 25|67|908
0555 : 34|80|886
0556 : 8|78|914
0557 : 21|70|909
0558 : 24|87|889
0559 : 44|65|891
0560 : 26|73|901
0561 : 26|75|899
0562 : 21|80|899
0563 : 13|66|921
0564 : 28|70|902
0565 : 16|69|915
0566 : 27|67|906
0567 : 33|81|886
0568 : 30|64|906
0569 : 39|68|893
0570 : 18|70|912
0571 : 39|61|900
0572 : 44|68|888
0573 : 26|88|886
0574 : 21|60|919
0575 : 26|72|902
0576 : 28|81|891
0577 : 10|76|914
0578 : 9|70|921
0579 : 20|69|911
0580 : 33|61|906
0581 : 24|70|906
0582 : 28|80|892
0583 : 16|68|916
0584 : 35|59|906
0585 : 17|72|911
0586 : 16|80|904
0587 : 21|66|913
0588 : 18|77|905
0589 : 26|59|915
0590 : 48|72|880
0591 : 9|79|912
0592 : 24|74|902
0593 : 23|66|911
0594 : 35|73|892
0595 : 13|61|926
0596 : 14|78|908
0597 : 27|76|897
0598 : 16|70|914
0599 : 43|79|878
0600 : 23|66|911
