0001 : 878|0|122
0002 : 953|2|45
0003 : 949|0|51
0004 : 940|3|57
0005 : 961|1|38
0006 : 950|2|48
0007 : 948|3|49
0008 : 944|4|52
0009 : 948|4|48
0010 : 934|4|62
0011 : 954|0|46
0012 : 946|6|48
0013 : 936|6|58
0014 : 946|5|49
0015 : 935|8|57
0016 : 893|6|101
0017 : 933|1|66
0018 : 804|4|192
0019 : 858|6|136
0020 : 830|8|162
0021 : 898|4|98
0022 : 883|11|106
0023 : 793|12|195
0024 : 784|5|211
0025 : 786|9|205
0026 : 809|11|180
0027 : 805|7|188
0028 : 827|9|164
0029 : 773|8|219
0030 : 798|6|196
0031 : 773|6|221
0032 : 765|9|226
0033 : 712|8|280
0034 : 676|15|309
0035 : 736|9|255
0036 : 683|18|299
0037 : 738|11|251
0038 : 769|8|223
0039 : 731|6|263
0040 : 717|17|266
0041 : 705|12|283
0042 : 719|10|271
0043 : 653|14|333
0044 : 667|20|313
0045 : 709|14|277
0046 : 701|18|281
0047 : 680|23|297
0048 : 681|15|304
0049 : 720|16|264
0050 : 735|18|247
0051 : 720|18|262
0052 : 675|16|309
0053 : 667|20|313
0054 : 686|22|292
0055 : 721|14|265
0056 : 759|19|222
0057 : 675|16|309
0058 : 656|19|325
0059 : 670|17|313
0060 : 658|20|322
0061 : 652|12|336
0062 : 620|21|359
0063 : 618|14|368
0064 : 609|18|373
0065 : 646|15|339
0066 : 626|16|358
0067 : 628|10|362
0068 : 585|19|396
0069 : 564|16|420
0070 : 574|18|408
0071 : 550|18|432
0072 : 550|17|433
0073 : 586|22|392
0074 : 557|12|431
0075 : 524|15|461
0076 : 465|18|517
0077 : 579|13|408
0078 : 590|22|388
0079 : 524|21|455
0080 : 512|15|473
0081 : 585|20|395
0082 : 560|22|418
0083 : 510|25|465
0084 : 512|22|466
0085 : 489|20|491
0086 : 519|21|460
0087 : 416|26|558
0088 : 481|18|501
0089 : 476|19|505
0090 : 410|29|561
0091 : 425|29|546
0092 : 458|18|524
0093 : 483|20|497
0094 : 425|18|557
0095 : 412|26|562
0096 : 421|31|548
0097 : 511|31|458
0098 : 456|31|513
0099 : 398|22|580
0100 : 383|31|586
0101 : 399|22|579
0102 : 357|21|622
0103 : 324|27|649
0104 : 306|16|678
0105 : 294|29|677
0106 : 299|28|673
0107 : 286|25|689
0108 : 273|31|696
0109 : 381|29|590
0110 : 341|33|626
0111 : 341|25|634
0112 : 291|30|679
0113 : 308|31|661
0114 : 264|34|702
0115 : 251|45|704
0116 : 345|24|631
0117 : 262|19|719
0118 : 250|45|705
0119 : 204|31|765
0120 : 303|40|657
0121 : 236|31|733
0122 : 237|26|737
0123 : 275|27|698
0124 : 259|28|713
0125 : 281|38|681
0126 : 241|40|719
0127 : 213|29|758
0128 : 259|31|710
0129 : 247|34|719
0130 : 266|33|701
0131 : 218|36|746
0132 : 231|44|725
0133 : 226|40|734
0134 : 229|37|734
0135 : 206|41|753
0136 : 245|34|721
0137 : 206|60|734
0138 : 226|40|734
0139 : 193|39|768
0140 : 161|44|795
0141 : 203|47|750
0142 : 262|40|698
0143 : 136|51|813
0144 : 249|34|717
0145 : 220|34|746
0146 : 208|45|747
0147 : 203|42|755
0148 : 213|50|737
0149 : 166|49|785
0150 : 230|35|735
0151 : 179|44|777
0152 : 164|42|794
0153 : 193|51|756
0154 : 218|41|741
0155 : 125|64|811
0156 : 178|51|771
0157 : 186|56|758
0158 : 158|59|783
0159 : 166|47|787
0160 : 192|46|762
0161 : 172|52|776
0162 : 198|53|749
0163 : 175|57|768
0164 : 161|54|785
0165 : 153|53|794
0166 : 124|65|811
0167 : 122|61|817
0168 : 89|64|847
0169 : 89|50|861
0170 : 109|70|821
0171 : 150|53|797
0172 : 151|51|798
0173 : 158|64|778
0174 : 154|65|781
0175 : 140|52|808
0176 : 147|55|798
0177 : 165|62|773
0178 : 155|51|794
0179 : 107|68|825
0180 : 95|64|841
0181 : 197|49|754
0182 : 144|61|795
0183 : 109|43|848
0184 : 118|65|817
0185 : 76|74|850
0186 : 177|46|777
0187 : 137|58|805
0188 : 124|46|830
0189 : 199|50|751
0190 : 153|56|791
0191 : 119|53|828
0192 : 200|56|744
0193 : 116|59|825
0194 : 108|68|824
0195 : 100|77|823
0196 : 96|68|836
0197 : 93|66|841
0198 : 83|67|850
0199 : 85|57|858
0200 : 93|61|846
0201 : 83|52|865
0202 : 193|57|750
0203 : 116|55|829
0204 : 123|70|807
0205 : 134|46|820
0206 : 82|69|849
0207 : 92|68|840
0208 : 104|79|817
0209 : 113|44|843
0210 : 76|58|866
0211 : 118|70|812
0212 : 120|61|819
0213 : 132|53|815
0214 : 87|61|852
0215 : 149|51|800
0216 : 137|73|790
0217 : 122|52|826
0218 : 119|66|815
0219 : 87|69|844
0220 : 85|72|843
0221 : 95|69|836
0222 : 132|55|813
0223 : 90|63|847
0224 : 106|48|846
0225 : 117|57|826
0226 : 106|68|826
0227 : 93|63|844
0228 : 87|57|856
0229 : 84|73|843
0230 : 63|73|864
0231 : 115|62|823
0232 : 164|49|787
0233 : 93|57|850
0234 : 77|41|882
0235 : 123|67|810
0236 : 90|65|845
0237 : 96|59|845
0238 : 118|54|828
0239 : 79|43|878
0240 : 167|51|782
0241 : 126|62|812
0242 : 87|68|845
0243 : 104|54|842
0244 : 102|66|832
0245 : 107|72|821
0246 : 88|66|846
0247 : 142|56|802
0248 : 121|61|818
0249 : 124|71|805
0250 : 147|63|790
0251 : 84|66|850
0252 : 80|44|876
0253 : 109|64|827
0254 : 192|60|748
0255 : 132|62|806
0256 : 107|68|825
0257 : 150|69|781
0258 : 86|73|841
0259 : 94|69|837
0260 : 139|72|789
0261 : 77|61|862
0262 : 152|69|779
0263 : 105|55|840
0264 : 65|68|867
0265 : 132|60|808
0266 : 110|53|837
0267 : 166|57|777
0268 : 97|66|837
0269 : 141|66|793
0270 : 126|50|824
0271 : 124|71|805
0272 : 94|63|843
0273 : 148|70|782
0274 : 93|71|836
0275 : 84|74|842
0276 : 170|70|760
0277 : 142|55|803
0278 : 166|63|771
0279 : 165|54|781
0280 : 125|64|811
0281 : 99|65|836
0282 : 128|52|820
0283 : 87|63|850
0284 : 120|60|820
0285 : 71|52|877
0286 : 87|62|851
0287 : 116|61|823
0288 : 112|58|830
0289 : 74|61|865
0290 : 93|68|839
0291 : 84|51|865
0292 : 142|58|800
0293 : 95|69|836
0294 : 164|61|775
0295 : 114|59|827
0296 : 158|60|782
0297 : 66|65|869
0298 : 108|67|825
0299 : 132|63|805
0300 : 104|61|835
0301 : 123|70|807
0302 : 157|51|792
0303 : 100|67|833
0304 : 118|63|819
0305 : 85|70|845
0306 : 178|41|781
0307 : 131|70|799
0308 : 136|66|798
0309 : 81|70|849
0310 : 149|62|789
0311 : 99|65|836
0312 : 146|45|809
0313 : 176|63|761
0314 : 113|68|819
0315 : 194|53|753
0316 : 136|63|801
0317 : 164|62|774
0318 : 158|62|780
0319 : 134|57|809
0320 : 142|52|806
0321 : 100|75|825
0322 : 92|61|847
0323 : 104|60|836
0324 : 72|77|851
0325 : 134|55|811
0326 : 131|61|808
0327 : 189|55|756
0328 : 114|59|827
0329 : 197|52|751
0330 : 89|66|845
0331 : 126|71|803
0332 : 121|84|795
0333 : 124|58|818
0334 : 107|59|834
0335 : 126|64|810
0336 : 161|51|788
0337 : 118|61|821
0338 : 199|45|756
0339 : 141|69|790
0340 : 207|50|743
0341 : 129|57|814
0342 : 167|54|779
0343 : 128|43|829
0344 : 131|58|811
0345 : 219|47|734
0346 : 122|58|820
0347 : 72|60|868
0348 : 141|63|796
0349 : 95|64|841
0350 : 129|62|809
0351 : 120|44|836
0352 : 125|68|807
0353 : 138|50|812
0354 : 97|60|843
0355 : 134|69|797
0356 : 110|62|828
0357 : 108|56|836
0358 : 164|50|786
0359 : 219|75|706
0360 : 106|63|831
0361 : 122|73|805
0362 : 145|73|782
0363 : 104|65|831
0364 : 136|70|794
0365 : 140|75|785
0366 : 124|67|809
0367 : 102|63|835
0368 : 138|63|799
0369 : 101|49|850
0370 : 94|59|847
0371 : 87|61|852
0372 : 72|64|864
0373 : 119|63|818
0374 : 215|59|726
0375 : 153|56|791
0376 : 73|79|848
0377 : 82|66|852
0378 : 82|76|842
0379 : 90|52|858
0380 : 82|76|842
0381 : 110|52|838
0382 : 115|58|827
0383 : 139|60|801
0384 : 144|57|799
0385 : 98|71|831
0386 : 150|62|788
0387 : 114|72|814
0388 : 74|65|861
0389 : 117|61|822
0390 : 132|68|800
0391 : 132|60|808
0392 : 151|62|787
0393 : 89|59|852
0394 : 74|54|872
0395 : 128|68|804
0396 : 104|64|832
0397 : 84|69|847
0398 : 94|57|849
0399 : 175|57|768
0400 : 133|60|807
0401 : 126|66|808
0402 : 84|56|860
0403 : 98|62|840
0404 : 61|81|858
0405 : 176|64|760
0406 : 136|69|795
0407 : 123|76|801
0408 : 133|66|801
0409 : 140|55|805
0410 : 77|79|844
0411 : 63|83|854
0412 : 72|71|857
0413 : 62|77|861
0414 : 82|66|852
0415 : 123|69|808
0416 : 97|65|838
0417 : 126|55|819
0418 : 70|71|859
0419 : 85|71|844
0420 : 98|64|838
0421 : 122|54|824
0422 : 97|81|822
0423 : 80|62|858
0424 : 110|50|840
0425 : 116|57|827
0426 : 67|57|876
0427 : 116|65|819
0428 : 95|54|851
0429 : 99|59|842
0430 : 84|74|842
0431 : 86|72|842
0432 : 130|64|806
0433 : 111|53|836
0434 : 86|71|843
0435 : 99|67|834
0436 : 100|59|841
0437 : 155|58|787
0438 : 73|66|861
0439 : 133|60|807
0440 : 154|57|789
0441 : 71|62|867
0442 : 122|75|803
0443 : 163|82|755
0444 : 115|71|814
0445 : 60|64|876
0446 : 127|50|823
0447 : 70|62|868
0448 : 48|57|895
0449 : 87|69|844
0450 : 68|73|859
0451 : 41|67|892
0452 : 89|69|842
0453 : 73|64|863
0454 : 48|72|880
0455 : 136|68|796
0456 : 78|69|853
0457 : 70|56|874
0458 : 105|67|828
0459 : 101|58|841
0460 : 61|70|869
0461 : 54|60|886
0462 : 75|76|849
0463 : 60|66|874
0464 : 118|57|825
0465 : 83|76|841
0466 : 168|58|774
0467 : 67|62|871
0468 : 137|52|811
0469 : 64|65|871
0470 : 125|64|811
0471 : 71|72|857
0472 : 141|85|774
0473 : 32|62|906
0474 : 89|60|851
0475 : 82|65|853
0476 : 80|60|860
0477 : 120|64|816
0478 : 60|72|868
0479 : 44|64|892
0480 : 63|70|867
0481 : 72|80|848
0482 : 118|70|812
0483 : 57|66|877
0484 : 64|58|878
0485 : 85|56|859
0486 : 121|67|812
0487 : 49|70|881
0488 : 41|68|891
0489 : 105|52|843
0490 : 74|68|858
0491 : 71|50|879
0492 : 68|62|870
0493 : 100|75|825
0494 : 99|65|836
0495 : 108|64|828
0496 : 122|69|809
0497 : 83|67|850
0498 : 99|65|836
0499 : 47|70|883
0500 : 84|84|832
0501 : 70|61|869
0502 : 113|65|822
0503 : 80|70|850
0504 : 73|76|851
0505 : 77|61|862
0506 : 71|75|854
0507 : 51|71|878
0508 : 95|66|839
0509 : 77|68|855
0510 : 38|56|906
0511 : 34|69|897
0512 : 111|59|830
0513 : 71|83|846
0514 : 123|80|797
0515 : 64|70|866
0516 : 95|77|828
0517 : 65|74|861
0518 : 72|79|849
0519 : 45|68|887
0520 : 37|61|902
0521 : 50|55|895
0522 : 94|64|842
0523 : 49|75|876
0524 : 46|83|871
0525 : 32|65|903
0526 : 105|90|805
0527 : 65|64|871
0528 : 66|60|874
0529 : 36|70|894
0530 : 83|64|853
0531 : 39|74|887
0532 : 58|80|862
0533 : 55|47|898
0534 : 62|75|863
0535 : 46|76|878
0536 : 105|52|843
0537 : 54|65|881
0538 : 73|66|861
0539 : 51|75|874
0540 : 77|54|869
0541 : 61|92|847
0542 : 67|68|865
0543 : 42|70|888
0544 : 161|55|784
0545 : 57|59|884
0546 : 57|68|875
0547 : 110|60|830
0548 : 46|78|876
0549 : 81|71|848
0550 : 69|72|859
0551 : 143|59|798
0552 : 114|59|827
0553 : 62|55|883
0554 : 80|64|856
0555 : 50|59|891
0556 : 66|71|863
0557 : 42|67|891
0558 : 79|75|846
0559 : 44|62|894
0560 : 41|81|878
0561 : 38|75|887
0562 : 164|43|793
0563 : 74|59|867
0564 : 89|72|839
0565 : 84|65|851
0566 : 44|64|892
0567 : 30|67|903
0568 : 73|68|859
0569 : 62|84|854
0570 : 90|56|854
0571 : 116|65|819
0572 : 51|74|875
0573 : 42|60|898
0574 : 81|54|865
0575 : 54|75|871
0576 : 39|78|883
0577 : 65|69|866
0578 : 48|73|879
0579 : 49|67|884
0580 : 43|74|883
0581 : 69|75|856
0582 : 35|77|888
0583 : 53|68|879
0584 : 70|76|854
0585 : 72|71|857
0586 : 65|66|869
0587 : 112|70|818
0588 : 52|70|878
0589 : 93|63|844
0590 : 75|75|850
0591 : 52|83|865
0592 : 100|51|849
0593 : 20|74|906
0594 : 41|71|888
0595 : 50|65|885
0596 : 73|70|857
0597 : 56|82|862
0598 : 56|76|868
0599 : 61|53|886
0600 : 36|79|885
