0001 : 876|0|124
0002 : 961|2|37
0003 : 972|2|26
0004 : 949|1|50
0005 : 966|1|33
0006 : 953|4|43
0007 : 966|4|30
0008 : 937|5|58
0009 : 925|8|67
0010 : 949|2|49
0011 : 939|3|58
0012 : 929|5|66
0013 : 915|7|78
0014 : 934|5|61
0015 : 935|4|61
0016 : 846|7|147
0017 : 910|9|81
0018 : 875|4|121
0019 : 900|10|90
0020 : 826|9|165
0021 : 875|7|118
0022 : 903|4|93
0023 : 816|9|175
0024 : 839|12|149
0025 : 762|10|228
0026 : 793|17|190
0027 : 765|15|220
0028 : 815|17|168
0029 : 819|21|160
0030 : 801|16|183
0031 : 710|6|284
0032 : 775|11|214
0033 : 749|15|236
0034 : 723|8|269
0035 : 729|13|258
0036 : 726|15|259
0037 : 809|12|179
0038 : 755|13|232
0039 : 751|13|236
0040 : 726|21|253
0041 : 696|12|292
0042 : 694|22|284
0043 : 748|21|231
0044 : 699|19|282
0045 : 696|20|284
0046 : 746|13|241
0047 : 680|11|309
0048 : 751|10|239
0049 : 677|15|308
0050 : 743|12|245
0051 : 748|12|240
0052 : 685|15|300
0053 : 756|11|233
0054 : 766|13|221
0055 : 729|19|252
0056 : 689|19|292
0057 : 705|14|281
0058 : 766|17|217
0059 : 690|22|288
0060 : 697|12|291
0061 : 704|26|270
0062 : 663|18|319
0063 : 637|27|336
0064 : 701|17|282
0065 : 654|21|325
0066 : 690|14|296
0067 : 680|18|302
0068 : 641|19|340
0069 : 654|23|323
0070 : 604|17|379
0071 : 614|18|368
0072 : 562|16|422
0073 : 580|21|399
0074 : 594|21|385
0075 : 589|16|395
0076 : 498|27|475
0077 : 541|27|432
0078 : 594|11|395
0079 : 541|15|444
0080 : 474|32|494
0081 : 495|32|473
0082 : 537|21|442
0083 : 503|26|471
0084 : 508|20|472
0085 : 496|23|481
0086 : 524|36|440
0087 : 544|24|432
0088 : 491|26|483
0089 : 475|34|491
0090 : 449|36|515
0091 : 419|42|539
0092 : 418|36|546
0093 : 468|35|497
0094 : 451|42|507
0095 : 397|37|566
0096 : 407|36|557
0097 : 433|24|543
0098 : 423|33|544
0099 : 437|35|528
0100 : 393|49|558
0101 : 340|36|624
0102 : 437|30|533
0103 : 302|40|658
0104 : 370|63|567
0105 : 300|48|652
0106 : 371|55|574
0107 : 361|56|583
0108 : 313|58|629
0109 : 246|57|697
0110 : 296|59|645
0111 : 316|68|616
0112 : 309|50|641
0113 : 221|69|710
0114 : 272|35|693
0115 : 285|46|669
0116 : 345|56|599
0117 : 292|54|654
0118 : 200|59|741
0119 : 286|64|650
0120 : 241|41|718
0121 : 281|63|656
0122 : 294|64|642
0123 : 273|71|656
0124 : 242|41|717
0125 : 215|64|721
0126 : 238|51|711
0127 : 284|71|645
0128 : 170|57|773
0129 : 185|61|754
0130 : 149|62|789
0131 : 184|64|752
0132 : 159|65|776
0133 : 155|73|772
0134 : 152|67|781
0135 : 124|58|818
0136 : 115|69|816
0137 : 159|55|786
0138 : 161|73|766
0139 : 94|73|833
0140 : 128|74|798
0141 : 97|75|828
0142 : 69|70|861
0143 : 65|61|874
0144 : 123|66|811
0145 : 86|88|826
0146 : 84|61|855
0147 : 109|79|812
0148 : 95|85|820
0149 : 93|62|845
0150 : 65|92|843
0151 : 85|82|833
0152 : 97|61|842
0153 : 64|79|857
0154 : 103|72|825
0155 : 42|84|874
0156 : 82|72|846
0157 : 42|73|885
0158 : 37|90|873
0159 : 66|77|857
0160 : 55|71|874
0161 : 37|75|888
0162 : 48|90|862
0163 : 62|71|867
0164 : 53|76|871
0165 : 57|83|860
0166 : 98|90|812
0167 : 42|85|873
0168 : 51|81|868
0169 : 58|74|868
0170 : 38|70|892
0171 : 47|63|890
0172 : 97|73|830
0173 : 54|79|867
0174 : 39|83|878
0175 : 41|80|879
0176 : 66|82|852
0177 : 31|85|884
0178 : 53|71|876
0179 : 63|80|857
0180 : 55|83|862
0181 : 42|71|887
0182 : 50|65|885
0183 : 33|95|872
0184 : 48|73|879
0185 : 26|70|904
0186 : 44|76|880
0187 : 59|94|847
0188 : 46|94|860
0189 : 39|82|879
0190 : 21|72|907
0191 : 28|90|882
0192 : 40|73|887
0193 : 33|85|882
0194 : 27|79|894
0195 : 49|76|875
0196 : 50|80|870
0197 : 17|72|911
0198 : 28|89|883
0199 : 32|94|874
0200 : 42|79|879
0201 : 29|68|903
0202 : 39|74|887
0203 : 38|76|886
0204 : 80|71|849
0205 : 71|78|851
0206 : 24|76|900
0207 : 63|87|850
0208 : 50|74|876
0209 : 31|65|904
0210 : 29|85|886
0211 : 35|76|889
0212 : 16|104|880
0213 : 38|82|880
0214 : 79|62|859
0215 : 37|88|875
0216 : 44|99|857
0217 : 43|86|871
0218 : 39|76|885
0219 : 44|95|861
0220 : 47|93|860
0221 : 38|66|896
0222 : 41|90|869
0223 : 57|73|870
0224 : 43|63|894
0225 : 58|77|865
0226 : 56|74|870
0227 : 55|70|875
0228 : 45|63|892
0229 : 28|80|892
0230 : 26|94|880
0231 : 56|90|854
0232 : 34|74|892
0233 : 13|81|906
0234 : 54|73|873
0235 : 51|84|865
0236 : 37|67|896
0237 : 114|91|795
0238 : 37|57|906
0239 : 32|85|883
0240 : 51|87|862
0241 : 55|99|846
0242 : 35|69|896
0243 : 27|81|892
0244 : 19|82|899
0245 : 47|70|883
0246 : 19|76|905
0247 : 70|73|857
0248 : 39|75|886
0249 : 30|81|889
0250 : 27|71|902
0251 : 81|75|844
0252 : 27|68|905
0253 : 43|68|889
0254 : 8|78|914
0255 : 22|82|896
0256 : 14|85|901
0257 : 29|70|901
0258 : 57|68|875
0259 : 14|90|896
0260 : 29|75|896
0261 : 51|51|898
0262 : 23|82|895
0263 : 43|63|894
0264 : 38|78|884
0265 : 34|100|866
0266 : 29|73|898
0267 : 50|61|889
0268 : 31|70|899
0269 : 27|74|899
0270 : 43|84|873
0271 : 36|68|896
0272 : 20|81|899
0273 : 31|77|892
0274 : 26|81|893
0275 : 18|64|918
0276 : 41|74|885
0277 : 34|56|910
0278 : 26|85|889
0279 : 35|92|873
0280 : 15|74|911
0281 : 17|64|919
0282 : 12|70|918
0283 : 35|75|890
0284 : 47|79|874
0285 : 23|99|878
0286 : 30|74|896
0287 : 48|74|878
0288 : 32|88|880
0289 : 14|76|910
0290 : 19|65|916
0291 : 26|80|894
0292 : 29|71|900
0293 : 57|83|860
0294 : 27|84|889
0295 : 10|89|901
0296 : 30|76|894
0297 : 43|68|889
0298 : 17|76|907
0299 : 33|81|886
0300 : 26|75|899
0301 : 17|67|916
0302 : 54|78|868
0303 : 20|77|903
0304 : 33|71|896
0305 : 18|90|892
0306 : 32|89|879
0307 : 28|70|902
0308 : 14|71|915
0309 : 20|72|908
0310 : 47|85|868
0311 : 30|80|890
0312 : 21|70|909
0313 : 27|81|892
0314 : 17|74|909
0315 : 46|81|873
0316 : 27|92|881
0317 : 20|62|918
0318 : 6|73|921
0319 : 19|83|898
0320 : 30|95|875
0321 : 44|64|892
0322 : 42|94|864
0323 : 27|80|893
0324 : 24|74|902
0325 : 39|80|881
0326 : 28|79|893
0327 : 35|72|893
0328 : 22|80|898
0329 : 13|75|912
0330 : 18|79|903
0331 : 9|88|903
0332 : 32|82|886
0333 : 29|83|888
0334 : 41|79|880
0335 : 35|80|885
0336 : 63|98|839
0337 : 30|70|900
0338 : 40|76|884
0339 : 20|70|910
0340 : 41|86|873
0341 : 32|96|872
0342 : 26|63|911
0343 : 53|79|868
0344 : 34|67|899
0345 : 14|107|879
0346 : 20|88|892
0347 : 34|81|885
0348 : 11|62|927
0349 : 6|87|907
0350 : 16|61|923
0351 : 11|88|901
0352 : 25|74|901
0353 : 23|77|900
0354 : 60|75|865
0355 : 18|88|894
0356 : 25|68|907
0357 : 18|91|891
0358 : 17|95|888
0359 : 25|75|900
0360 : 24|76|900
0361 : 33|82|885
0362 : 37|74|889
0363 : 18|97|885
0364 : 32|68|900
0365 : 41|69|890
0366 : 51|88|861
0367 : 29|69|902
0368 : 17|91|892
0369 : 30|66|904
0370 : 20|69|911
0371 : 35|81|884
0372 : 16|82|902
0373 : 17|71|912
0374 : 36|74|890
0375 : 44|73|883
0376 : 18|84|898
0377 : 23|93|884
0378 : 21|67|912
0379 : 44|70|886
0380 : 15|87|898
0381 : 17|84|899
0382 : 15|74|911
0383 : 3|76|921
0384 : 17|76|907
0385 : 23|93|884
0386 : 42|78|880
0387 : 36|94|870
0388 : 22|87|891
0389 : 17|77|906
0390 : 18|61|921
0391 : 19|80|901
0392 : 21|84|895
0393 : 15|83|902
0394 : 12|88|900
0395 : 23|60|917
0396 : 48|73|879
0397 : 25|80|895
0398 : 33|91|876
0399 : 20|94|886
0400 : 17|86|897
0401 : 29|80|891
0402 : 21|78|901
0403 : 13|71|916
0404 : 18|66|916
0405 : 47|83|870
0406 : 14|87|899
0407 : 16|77|907
0408 : 40|65|895
0409 : 53|67|880
0410 : 21|83|896
0411 : 33|71|896
0412 : 13|83|904
0413 : 10|69|921
0414 : 38|73|889
0415 : 38|70|892
0416 : 28|70|902
0417 : 37|88|875
0418 : 11|62|927
0419 : 20|93|887
0420 : 44|71|885
0421 : 42|70|888
0422 : 16|67|917
0423 : 24|72|904
0424 : 26|77|897
0425 : 18|76|906
0426 : 30|90|880
0427 : 15|81|904
0428 : 32|83|885
0429 : 38|74|888
0430 : 31|74|895
0431 : 23|64|913
0432 : 18|71|911
0433 : 22|72|906
0434 : 29|70|901
0435 : 29|64|907
0436 : 28|62|910
0437 : 39|84|877
0438 : 22|61|917
0439 : 30|59|911
0440 : 31|89|880
0441 : 27|72|901
0442 : 19|82|899
0443 : 17|78|905
0444 : 19|71|910
0445 : 49|61|890
0446 : 32|80|888
0447 : 58|66|876
0448 : 31|75|894
0449 : 31|65|904
0450 : 30|73|897
0451 : 27|79|894
0452 : 12|83|905
0453 : 25|62|913
0454 : 24|81|895
0455 : 20|73|907
0456 : 30|69|901
0457 : 26|73|901
0458 : 37|75|888
0459 : 29|67|904
0460 : 12|91|897
0461 : 20|78|902
0462 : 6|75|919
0463 : 38|88|874
0464 : 25|78|897
0465 : 47|73|880
0466 : 31|70|899
0467 : 19|62|919
0468 : 37|82|881
0469 : 41|74|885
0470 : 28|73|899
0471 : 31|78|891
0472 : 33|86|881
0473 : 31|77|892
0474 : 21|83|896
0475 : 11|75|914
0476 : 32|77|891
0477 : 46|65|889
0478 : 27|79|894
0479 : 14|69|917
0480 : 12|82|906
0481 : 40|67|893
0482 : 22|71|907
0483 : 9|82|909
0484 : 22|90|888
0485 : 13|87|900
0486 : 20|84|896
0487 : 17|71|912
0488 : 52|70|878
0489 : 17|77|906
0490 : 18|71|911
0491 : 45|69|886
0492 : 21|69|910
0493 : 29|81|890
0494 : 7|82|911
0495 : 12|68|920
0496 : 17|92|891
0497 : 13|92|895
0498 : 10|80|910
0499 : 25|66|909
0500 : 27|75|898
0501 : 18|66|916
0502 : 12|77|911
0503 : 22|77|901
0504 : 56|72|872
0505 : 12|66|922
0506 : 10|69|921
0507 : 19|82|899
0508 : 29|86|885
0509 : 12|78|910
0510 : 12|97|891
0511 : 16|74|910
0512 : 32|97|871
0513 : 9|74|917
0514 : 46|60|894
0515 : 22|82|896
0516 : 7|65|928
0517 : 20|83|897
0518 : 15|74|911
0519 : 21|62|917
0520 : 6|71|923
0521 : 13|69|918
0522 : 16|105|879
0523 : 20|83|897
0524 : 6|73|921
0525 : 13|84|903
0526 : 15|67|918
0527 : 11|68|921
0528 : 9|66|925
0529 : 37|68|895
0530 : 15|80|905
0531 : 7|83|910
0532 : 6|74|920
0533 : 9|82|909
0534 : 26|78|896
0535 : 21|63|916
0536 : 18|75|907
0537 : 8|86|906
0538 : 21|71|908
0539 : 9|72|919
0540 : 8|81|911
0541 : 15|78|907
0542 : 12|70|918
0543 : 20|67|913
0544 : 16|77|907
0545 : 15|68|917
0546 : 14|85|901
0547 : 10|69|921
0548 : 16|82|902
0549 : 20|82|898
0550 : 11|74|915
0551 : 16|79|905
0552 : 31|90|879
0553 : 7|56|937
0554 : 12|74|914
0555 : 9|75|916
0556 : 10|94|896
0557 : 10|74|916
0558 : 10|70|920
0559 : 17|75|908
0560 : 9|74|917
0561 : 14|84|902
0562 : 30|75|895
0563 : 2|67|931
0564 : 5|91|904
0565 : 18|106|876
0566 : 8|84|908
0567 : 21|70|909
0568 : 13|88|899
0569 : 2|83|915
0570 : 6|86|908
0571 : 9|76|915
0572 : 8|77|915
0573 : 4|78|918
0574 : 11|69|920
0575 : 6|78|916
0576 : 5|77|918
0577 : 10|75|915
0578 : 16|72|912
0579 : 4|82|914
0580 : 23|72|905
0581 : 12|77|911
0582 : 12|66|922
0583 : 26|91|883
0584 : 11|91|898
0585 : 6|81|913
0586 : 13|84|903
0587 : 11|95|894
0588 : 17|82|901
0589 : 11|86|903
0590 : 9|82|909
0591 : 9|73|918
0592 : 6|72|922
0593 : 25|70|905
0594 : 11|80|909
0595 : 14|82|904
0596 : 16|71|913
0597 : 13|58|929
0598 : 3|77|920
0599 : 54|87|859
0600 : 26|79|895
