0001 : 909|0|91
0002 : 947|0|53
0003 : 957|2|41
0004 : 951|5|44
0005 : 946|1|53
0006 : 948|3|49
0007 : 958|3|39
0008 : 951|2|47
0009 : 923|2|75
0010 : 946|4|50
0011 : 955|9|36
0012 : 952|6|42
0013 : 944|6|50
0014 : 917|9|74
0015 : 859|8|133
0016 : 910|10|80
0017 : 879|8|113
0018 : 849|8|143
0019 : 902|8|90
0020 : 899|12|89
0021 : 891|6|103
0022 : 879|20|101
0023 : 877|11|112
0024 : 821|15|164
0025 : 749|7|244
0026 : 792|11|197
0027 : 751|13|236
0028 : 838|18|144
0029 : 820|6|174
0030 : 753|15|232
0031 : 809|16|175
0032 : 832|11|157
0033 : 819|12|169
0034 : 794|22|184
0035 : 724|11|265
0036 : 801|14|185
0037 : 737|12|251
0038 : 803|20|177
0039 : 690|18|292
0040 : 769|20|211
0041 : 784|13|203
0042 : 760|13|227
0043 : 794|11|195
0044 : 696|17|287
0045 : 851|16|133
0046 : 760|19|221
0047 : 744|15|241
0048 : 708|9|283
0049 : 756|18|226
0050 : 733|14|253
0051 : 831|13|156
0052 : 671|15|314
0053 : 734|17|249
0054 : 707|15|278
0055 : 685|17|298
0056 : 697|21|282
0057 : 719|15|266
0058 : 697|13|290
0059 : 683|13|304
0060 : 666|13|321
0061 : 655|9|336
0062 : 629|16|355
0063 : 662|23|315
0064 : 660|20|320
0065 : 610|15|375
0066 : 628|22|350
0067 : 580|19|401
0068 : 591|20|389
0069 : 621|15|364
0070 : 625|22|353
0071 : 621|26|353
0072 : 664|23|313
0073 : 601|17|382
0074 : 627|13|360
0075 : 615|16|369
0076 : 594|19|387
0077 : 548|17|435
0078 : 581|18|401
0079 : 552|12|436
0080 : 522|18|460
0081 : 599|13|388
0082 : 512|21|467
0083 : 565|24|411
0084 : 545|17|438
0085 : 521|18|461
0086 : 493|17|490
0087 : 573|21|406
0088 : 519|15|466
0089 : 564|18|418
0090 : 526|28|446
0091 : 566|23|411
0092 : 473|20|507
0093 : 512|20|468
0094 : 442|18|540
0095 : 446|16|538
0096 : 547|17|436
0097 : 497|17|486
0098 : 476|17|507
0099 : 460|19|521
0100 : 450|22|528
0101 : 493|20|487
0102 : 466|19|515
0103 : 449|24|527
0104 : 425|18|557
0105 : 459|18|523
0106 : 445|22|533
0107 : 463|14|523
0108 : 456|13|531
0109 : 444|14|542
0110 : 500|18|482
0111 : 476|27|497
0112 : 414|21|565
0113 : 486|12|502
0114 : 454|23|523
0115 : 458|25|517
0116 : 408|32|560
0117 : 439|19|542
0118 : 377|20|603
0119 : 429|17|554
0120 : 450|13|537
0121 : 421|23|556
0122 : 444|17|539
0123 : 478|20|502
0124 : 360|29|611
0125 : 370|30|600
0126 : 391|34|575
0127 : 366|26|608
0128 : 350|16|634
0129 : 364|21|615
0130 : 452|24|524
0131 : 375|23|602
0132 : 370|26|604
0133 : 296|46|658
0134 : 356|22|622
0135 : 383|28|589
0136 : 335|17|648
0137 : 378|34|588
0138 : 353|31|616
0139 : 329|25|646
0140 : 329|28|643
0141 : 385|25|590
0142 : 417|21|562
0143 : 350|30|620
0144 : 288|25|687
0145 : 329|37|634
0146 : 393|32|575
0147 : 353|34|613
0148 : 321|26|653
0149 : 387|27|586
0150 : 344|28|628
0151 : 254|32|714
0152 : 348|19|633
0153 : 360|18|622
0154 : 312|33|655
0155 : 325|30|645
0156 : 348|30|622
0157 : 259|30|711
0158 : 298|29|673
0159 : 295|27|678
0160 : 327|26|647
0161 : 316|28|656
0162 : 233|34|733
0163 : 270|37|693
0164 : 282|33|685
0165 : 255|28|717
0166 : 284|28|688
0167 : 299|22|679
0168 : 354|27|619
0169 : 346|28|626
0170 : 269|41|690
0171 : 255|39|706
0172 : 254|48|698
0173 : 262|39|699
0174 : 252|25|723
0175 : 322|28|650
0176 : 280|29|691
0177 : 322|27|651
0178 : 316|34|650
0179 : 272|38|690
0180 : 216|48|736
0181 : 277|34|689
0182 : 206|27|767
0183 : 265|33|702
0184 : 198|53|749
0185 : 268|48|684
0186 : 185|43|772
0187 : 230|40|730
0188 : 251|29|720
0189 : 268|40|692
0190 : 245|20|735
0191 : 212|34|754
0192 : 238|36|726
0193 : 237|46|717
0194 : 171|34|795
0195 : 258|36|706
0196 : 171|67|762
0197 : 206|43|751
0198 : 241|33|726
0199 : 186|32|782
0200 : 181|34|785
0201 : 215|35|750
0202 : 176|38|786
0203 : 189|36|775
0204 : 209|34|757
0205 : 292|33|675
0206 : 265|32|703
0207 : 244|32|724
0208 : 221|30|749
0209 : 225|38|737
0210 : 150|39|811
0211 : 193|49|758
0212 : 160|33|807
0213 : 231|33|736
0214 : 196|43|761
0215 : 180|32|788
0216 : 178|43|779
0217 : 248|31|721
0218 : 240|46|714
0219 : 203|42|755
0220 : 220|26|754
0221 : 176|42|782
0222 : 173|44|783
0223 : 145|38|817
0224 : 155|42|803
0225 : 175|49|776
0226 : 229|32|739
0227 : 154|43|803
0228 : 186|53|761
0229 : 143|43|814
0230 : 180|44|776
0231 : 213|32|755
0232 : 146|49|805
0233 : 161|45|794
0234 : 170|50|780
0235 : 156|59|785
0236 : 197|45|758
0237 : 173|34|793
0238 : 203|33|764
0239 : 172|34|794
0240 : 180|39|781
0241 : 126|45|829
0242 : 111|58|831
0243 : 156|34|810
0244 : 88|54|858
0245 : 112|60|828
0246 : 149|65|786
0247 : 170|43|787
0248 : 146|60|794
0249 : 138|56|806
0250 : 128|55|817
0251 : 116|46|838
0252 : 125|46|829
0253 : 186|34|780
0254 : 144|46|810
0255 : 151|50|799
0256 : 196|45|759
0257 : 158|47|795
0258 : 172|41|787
0259 : 134|51|815
0260 : 167|45|788
0261 : 130|39|831
0262 : 142|51|807
0263 : 196|36|768
0264 : 119|53|828
0265 : 133|56|811
0266 : 160|51|789
0267 : 125|60|815
0268 : 149|54|797
0269 : 125|50|825
0270 : 166|48|786
0271 : 157|61|782
0272 : 142|52|806
0273 : 113|59|828
0274 : 117|73|810
0275 : 170|57|773
0276 : 218|45|737
0277 : 155|50|795
0278 : 128|46|826
0279 : 125|40|835
0280 : 183|53|764
0281 : 162|46|792
0282 : 154|37|809
0283 : 138|62|800
0284 : 106|62|832
0285 : 89|58|853
0286 : 105|40|855
0287 : 147|44|809
0288 : 129|50|821
0289 : 131|54|815
0290 : 123|49|828
0291 : 121|43|836
0292 : 159|46|795
0293 : 159|50|791
0294 : 130|62|808
0295 : 167|38|795
0296 : 166|39|795
0297 : 155|48|797
0298 : 107|63|830
0299 : 89|64|847
0300 : 179|50|771
0301 : 91|53|856
0302 : 131|48|821
0303 : 176|54|770
0304 : 107|54|839
0305 : 99|51|850
0306 : 150|52|798
0307 : 182|54|764
0308 : 144|49|807
0309 : 122|61|817
0310 : 129|57|814
0311 : 155|43|802
0312 : 105|55|840
0313 : 110|45|845
0314 : 148|48|804
0315 : 137|43|820
0316 : 141|52|807
0317 : 108|46|846
0318 : 196|45|759
0319 : 173|58|769
0320 : 118|63|819
0321 : 100|65|835
0322 : 96|52|852
0323 : 160|47|793
0324 : 78|58|864
0325 : 185|50|765
0326 : 112|53|835
0327 : 138|53|809
0328 : 78|61|861
0329 : 98|53|849
0330 : 213|46|741
0331 : 101|64|835
0332 : 171|61|768
0333 : 107|54|839
0334 : 120|74|806
0335 : 123|46|831
0336 : 109|61|830
0337 : 115|62|823
0338 : 119|52|829
0339 : 114|57|829
0340 : 101|71|828
0341 : 149|53|798
0342 : 138|56|806
0343 : 110|67|823
0344 : 147|70|783
0345 : 186|52|762
0346 : 133|58|809
0347 : 129|44|827
0348 : 96|36|868
0349 : 83|61|856
0350 : 141|67|792
0351 : 137|56|807
0352 : 117|50|833
0353 : 167|57|776
0354 : 130|61|809
0355 : 163|54|783
0356 : 135|55|810
0357 : 118|58|824
0358 : 151|54|795
0359 : 131|70|799
0360 : 87|49|864
0361 : 154|52|794
0362 : 151|52|797
0363 : 118|62|820
0364 : 104|61|835
0365 : 117|48|835
0366 : 98|69|833
0367 : 148|55|797
0368 : 127|50|823
0369 : 116|66|818
0370 : 148|66|786
0371 : 149|52|799
0372 : 151|50|799
0373 : 128|68|804
0374 : 99|71|830
0375 : 81|52|867
0376 : 131|68|801
0377 : 145|59|796
0378 : 125|53|822
0379 : 99|49|852
0380 : 164|49|787
0381 : 111|55|834
0382 : 119|68|813
0383 : 86|49|865
0384 : 112|53|835
0385 : 72|59|869
0386 : 117|53|830
0387 : 112|57|831
0388 : 159|57|784
0389 : 121|60|819
0390 : 103|64|833
0391 : 88|61|851
0392 : 136|49|815
0393 : 155|55|790
0394 : 109|59|832
0395 : 115|62|823
0396 : 145|58|797
0397 : 102|59|839
0398 : 122|49|829
0399 : 87|61|852
0400 : 123|52|825
0401 : 121|61|818
0402 : 109|37|854
0403 : 81|51|868
0404 : 103|66|831
0405 : 121|58|821
0406 : 75|52|873
0407 : 176|55|769
0408 : 128|51|821
0409 : 107|51|842
0410 : 112|56|832
0411 : 64|64|872
0412 : 73|67|860
0413 : 134|68|798
0414 : 88|48|864
0415 : 102|53|845
0416 : 136|57|807
0417 : 94|61|845
0418 : 125|49|826
0419 : 110|59|831
0420 : 141|54|805
0421 : 82|63|855
0422 : 74|68|858
0423 : 123|65|812
0424 : 152|53|795
0425 : 108|61|831
0426 : 102|57|841
0427 : 76|52|872
0428 : 74|48|878
0429 : 95|57|848
0430 : 76|75|849
0431 : 148|69|783
0432 : 103|57|840
0433 : 153|67|780
0434 : 98|57|845
0435 : 107|64|829
0436 : 123|60|817
0437 : 98|65|837
0438 : 106|73|821
0439 : 85|48|867
0440 : 97|56|847
0441 : 83|56|861
0442 : 78|63|859
0443 : 164|51|785
0444 : 119|62|819
0445 : 122|61|817
0446 : 72|59|869
0447 : 81|57|862
0448 : 57|66|877
0449 : 78|56|866
0450 : 153|49|798
0451 : 108|62|830
0452 : 101|65|834
0453 : 91|72|837
0454 : 132|38|830
0455 : 137|52|811
0456 : 103|65|832
0457 : 168|51|781
0458 : 79|50|871
0459 : 114|56|830
0460 : 73|59|868
0461 : 90|64|846
0462 : 114|60|826
0463 : 136|72|792
0464 : 85|69|846
0465 : 91|57|852
0466 : 117|52|831
0467 : 83|70|847
0468 : 88|58|854
0469 : 98|79|823
0470 : 96|45|859
0471 : 118|76|806
0472 : 135|53|812
0473 : 86|62|852
0474 : 124|58|818
0475 : 81|60|859
0476 : 120|81|799
0477 : 123|63|814
0478 : 142|46|812
0479 : 107|71|822
0480 : 68|57|875
0481 : 116|68|816
0482 : 119|52|829
0483 : 114|61|825
0484 : 98|65|837
0485 : 81|64|855
0486 : 109|52|839
0487 : 107|63|830
0488 : 101|66|833
0489 : 99|52|849
0490 : 115|67|818
0491 : 111|68|821
0492 : 165|55|780
0493 : 102|60|838
0494 : 75|58|867
0495 : 90|50|860
0496 : 141|61|798
0497 : 57|65|878
0498 : 76|68|856
0499 : 67|64|869
0500 : 68|64|868
0501 : 55|73|872
0502 : 74|81|845
0503 : 84|57|859
0504 : 114|57|829
0505 : 45|67|888
0506 : 162|51|787
0507 : 72|81|847
0508 : 87|64|849
0509 : 50|72|878
0510 : 99|62|839
0511 : 70|75|855
0512 : 126|61|813
0513 : 109|70|821
0514 : 87|59|854
0515 : 106|77|817
0516 : 88|61|851
0517 : 81|62|857
0518 : 139|66|795
0519 : 63|85|852
0520 : 73|60|867
0521 : 163|58|779
0522 : 87|84|829
0523 : 109|56|835
0524 : 54|82|864
0525 : 107|54|839
0526 : 81|62|857
0527 : 67|56|877
0528 : 61|72|867
0529 : 112|54|834
0530 : 57|80|863
0531 : 112|68|820
0532 : 50|57|893
0533 : 36|62|902
0534 : 75|65|860
0535 : 74|71|855
0536 : 139|63|798
0537 : 61|72|867
0538 : 72|85|843
0539 : 69|64|867
0540 : 202|57|741
0541 : 68|59|873
0542 : 47|77|876
0543 : 19|84|897
0544 : 83|75|842
0545 : 95|56|849
0546 : 71|69|860
0547 : 72|72|856
0548 : 74|65|861
0549 : 105|50|845
0550 : 48|68|884
0551 : 105|61|834
0552 : 136|62|802
0553 : 119|79|802
0554 : 124|61|815
0555 : 43|62|895
0556 : 92|53|855
0557 : 74|75|851
0558 : 99|61|840
0559 : 83|54|863
0560 : 64|72|864
0561 : 50|52|898
0562 : 39|61|900
0563 : 84|73|843
0564 : 83|56|861
0565 : 123|84|793
0566 : 47|70|883
0567 : 83|64|853
0568 : 77|81|842
0569 : 99|71|830
0570 : 100|73|827
0571 : 69|58|873
0572 : 63|68|869
0573 : 47|68|885
0574 : 64|63|873
0575 : 62|86|852
0576 : 34|50|916
0577 : 57|85|858
0578 : 84|61|855
0579 : 65|67|868
0580 : 40|60|900
0581 : 55|86|859
0582 : 161|68|771
0583 : 56|65|879
0584 : 44|73|883
0585 : 52|56|892
0586 : 114|73|813
0587 : 74|62|864
0588 : 54|85|861
0589 : 63|68|869
0590 : 69|84|847
0591 : 49|74|877
0592 : 35|68|897
0593 : 64|75|861
0594 : 47|63|890
0595 : 50|67|883
0596 : 61|73|866
0597 : 65|69|866
0598 : 37|80|883
0599 : 52|61|887
0600 : 108|73|819
